index,0,1,2
26457,0.11,0.24,0.65
26458,0.38,0.183,0.43700000000000006
26459,0.02,0.06,0.92
26460,0.042,0.08,0.878
26461,0.1125,0.14666666666666667,0.7408333333333335
26462,0.02,0.09,0.89
26463,0.41,0.57,0.02
26464,0.01,0.02,0.97
26465,0.03,0.19166666666666668,0.7783333333333333
26466,0.0,0.23666666666666664,0.7633333333333334
26467,0.0,0.19,0.81
26468,0.02,0.04,0.94
26469,0.75,0.105,0.145
26470,0.11,0.28,0.61
26471,0.06,0.11,0.83
26472,0.13,0.19,0.68
26473,0.05,0.04,0.91
26474,0.08,0.92,0.0
26475,0.4623333333333333,0.3646666666666667,0.17300000000000001
26476,0.01,0.0625,0.9275
26477,0.07466666666666667,0.2866666666666667,0.6386666666666667
26478,0.16,0.04666666666666666,0.7933333333333334
26479,0.065,0.075,0.86
26480,0.07166666666666666,0.06,0.8683333333333334
26481,0.0325,0.5975,0.37
26482,0.21,0.01,0.78
26483,0.02,0.18,0.8
26484,0.07,0.12,0.81
26485,0.04,0.02333333333333333,0.9366666666666665
26486,0.13,0.22333333333333336,0.6466666666666667
26487,0.1,0.39,0.51
26488,0.04,0.91,0.05
26489,0.0,0.235,0.765
26490,0.05,0.25,0.7
26491,0.03,0.03,0.94
26492,0.0325,0.2875,0.68
26493,0.88,0.12,0.0
26494,0.1,0.11,0.79
26495,0.07666666666666666,0.11,0.8133333333333332
26496,0.28,0.03666666666666667,0.6833333333333332
26497,0.02,0.88,0.1
26498,0.18916666666666668,0.4693333333333334,0.34149999999999997
26499,0.0,0.24,0.76
26500,0.01,0.33,0.66
26501,0.08666666666666668,0.25,0.6633333333333334
26502,0.03,0.01,0.96
26503,0.1,0.5083333333333333,0.3916666666666667
26504,0.06,0.2,0.74
26505,0.0,0.0575,0.9425
26506,0.06333333333333334,0.9166666666666667,0.02
26507,0.2,0.8,0.0
26508,0.27,0.23,0.5
26509,0.1225,0.1925,0.685
26510,0.0,0.09,0.91
26511,0.05,0.06,0.89
26512,0.2,0.13,0.67
26513,0.0,0.057,0.943
26514,0.003333333333333333,0.026666666666666665,0.97
26515,0.09,0.05,0.86
26516,0.03,0.38,0.59
26517,0.18,0.82,0.0
26518,0.02,0.35,0.63
26519,0.75,0.08,0.17
26520,0.0,0.85,0.15
26521,0.0,0.03,0.97
26522,0.11,0.17,0.72
26523,0.09,0.10833333333333332,0.8016666666666665
26524,0.11,0.23666666666666664,0.6533333333333334
26525,0.22733333333333333,0.2693333333333333,0.5033333333333334
26526,0.0,0.04,0.96
26527,0.03,0.68,0.29
26528,0.125,0.875,0.0
26529,0.51,0.06,0.43
26530,0.12,0.12,0.76
26531,0.0,0.004,0.996
26532,0.74,0.01,0.25
26533,0.04,0.05,0.91
26534,0.085,0.056666666666666664,0.8583333333333334
26535,0.03,0.09,0.88
26536,0.21,0.05,0.74
26537,0.02,0.03,0.95
26538,0.09,0.24,0.67
26539,0.01,0.11800000000000001,0.872
26540,0.15,0.29,0.56
26541,0.02,0.09,0.89
26542,0.13,0.06333333333333334,0.8066666666666665
26543,0.08333333333333331,0.06666666666666667,0.85
26544,0.26,0.16,0.58
26545,0.06,0.14,0.8
26546,0.05,0.11,0.84
26547,0.02,0.06,0.92
26548,0.05,0.005,0.945
26549,0.48,0.52,0.0
26550,0.015,0.457,0.5279999999999999
26551,0.03,0.58,0.39
26552,0.02,0.13333333333333333,0.8466666666666667
26553,0.01,0.06,0.93
26554,0.09,0.4975,0.4125
26555,0.05,0.1,0.85
26556,0.01,0.04,0.95
26557,0.08,0.035,0.885
26558,0.46,0.13,0.41
26559,0.24,0.055,0.705
26560,0.065,0.2583333333333333,0.6766666666666665
26561,0.04,0.0925,0.8675
26562,0.11,0.13,0.76
26563,0.16,0.1,0.74
26564,0.015,0.05,0.935
26565,0.03,0.7641666666666665,0.2058333333333333
26566,0.035,0.235,0.73
26567,0.025238095238095237,0.034761904761904765,0.94
26568,0.36,0.64,0.0
26569,0.0,0.145,0.855
26570,0.28,0.366,0.354
26571,0.03,0.085,0.885
26572,0.17,0.27,0.56
26573,0.18244444444444446,0.20505555555555552,0.6125
26574,0.2575,0.0925,0.65
26575,0.08666666666666668,0.09,0.8233333333333333
26576,0.06166666666666667,0.07416666666666667,0.8641666666666667
26577,0.12,0.27,0.61
26578,0.06,0.76,0.18
26579,0.29,0.68,0.03
26580,0.058499999999999996,0.14150000000000001,0.8
26581,0.19,0.39,0.42
26582,0.0,0.03,0.97
26583,0.05,0.11199999999999999,0.838
26584,0.05,0.17,0.78
26585,0.03,0.64,0.33
26586,0.25,0.63,0.12
26587,0.0875,0.5923333333333334,0.32016666666666665
26588,0.01,0.06714285714285714,0.9228571428571428
26589,0.023,0.02,0.9570000000000001
26590,0.0,0.7766666666666667,0.22333333333333336
26591,0.19,0.81,0.0
26592,0.24,0.11,0.65
26593,0.4,0.38,0.22
26594,0.03,0.23,0.74
26595,0.0,0.035,0.965
26596,0.05,0.05,0.9
26597,0.08,0.5666666666666668,0.35333333333333333
26598,0.01,0.03,0.96
26599,0.04833333333333333,0.05,0.9016666666666667
26600,0.0,0.05,0.95
26601,0.03,0.195,0.775
26602,0.06666666666666667,0.13,0.8033333333333335
26603,0.11166666666666666,0.13,0.7583333333333334
26604,0.1275,0.44,0.4325
26605,0.02,0.2333333333333333,0.7466666666666666
26606,0.16,0.36200000000000004,0.478
26607,0.15,0.85,0.0
26608,0.05,0.11,0.84
26609,0.08,0.04,0.88
26610,0.29333333333333333,0.6966666666666665,0.01
26611,0.05,0.17,0.78
26612,0.055,0.455,0.49
26613,0.155,0.08,0.765
26614,0.01,0.01,0.98
26615,0.11333333333333334,0.18666666666666668,0.7
26616,0.02,0.04,0.94
26617,0.05,0.16,0.79
26618,0.08,0.09,0.83
26619,0.17,0.22,0.61
26620,0.07,0.91,0.02
26621,0.026666666666666665,0.0,0.9733333333333334
26622,0.1,0.4933333333333333,0.40666666666666673
26623,0.0,0.9209999999999999,0.079
26624,0.01,0.11,0.88
26625,0.73,0.13,0.14
26626,0.12,0.03,0.85
26627,0.06,0.1,0.84
26628,0.04,0.05,0.91
26629,0.03166666666666666,0.04,0.9283333333333332
26630,0.06,0.05666666666666667,0.8833333333333334
26631,0.0,0.05,0.95
26632,0.31,0.17,0.52
26633,0.02,0.13333333333333333,0.8466666666666666
26634,0.09,0.04,0.87
26635,0.09,0.19,0.72
26636,0.16,0.3288333333333333,0.5111666666666665
26637,0.01,0.08033333333333333,0.9096666666666667
26638,0.01,0.89,0.1
26639,0.51,0.42,0.07
26640,0.03833333333333334,0.051666666666666666,0.91
26641,0.1175,0.77,0.1125
26642,0.01,0.04333333333333334,0.9466666666666665
26643,0.07,0.0,0.93
26644,0.11,0.16,0.73
26645,0.013999999999999999,0.04,0.946
26646,0.65,0.04,0.31
26647,0.06,0.12,0.82
26648,0.03,0.81,0.16
26649,0.105,0.04,0.855
26650,0.85,0.15,0.0
26651,0.4,0.6,0.0
26652,0.61,0.03,0.36
26653,0.03,0.0,0.97
26654,0.03,0.75,0.22
26655,0.0925,0.24,0.6675
26656,0.15766666666666665,0.13,0.7123333333333334
26657,0.08,0.16,0.76
26658,0.09,0.23,0.68
26659,0.18100000000000002,0.095,0.7240000000000001
26660,0.07,0.4235,0.5065
26661,0.005,0.125,0.87
26662,0.02,0.26,0.72
26663,0.14,0.406,0.45399999999999996
26664,0.12333333333333334,0.12166666666666666,0.755
26665,0.09966666666666667,0.69,0.21033333333333332
26666,0.0,0.7691666666666666,0.23083333333333333
26667,0.03,0.039999999999999994,0.93
26668,0.01,0.78,0.21
26669,0.01,0.4346666666666667,0.5553333333333333
26670,0.33399999999999996,0.20600000000000002,0.46
26671,0.05,0.03,0.92
26672,0.0575,0.03,0.9125
26673,0.056666666666666664,0.1,0.8433333333333333
26674,0.38333333333333336,0.078,0.5386666666666667
26675,0.12666666666666665,0.26,0.6133333333333334
26676,0.02,0.215,0.765
26677,0.01,0.02,0.97
26678,0.11,0.28,0.61
26679,0.3583333333333333,0.08,0.5616666666666666
26680,0.07666666666666666,0.155,0.7683333333333334
26681,0.0525,0.0775,0.87
26682,0.05,0.23,0.72
26683,0.01,0.3,0.69
26684,0.0175,0.06,0.9225
26685,0.18999999999999997,0.11,0.7
26686,0.03,0.09,0.88
26687,0.13,0.01,0.86
26688,0.02,0.82,0.16
26689,0.044000000000000004,0.3765,0.5794999999999999
26690,0.0,0.025,0.975
26691,0.01,0.05,0.94
26692,0.0,0.12,0.88
26693,0.27,0.0275,0.7025
26694,0.6597976190476191,0.3402023809523809,0.0
26695,0.07333333333333333,0.08,0.8466666666666667
26696,0.04,0.0,0.96
26697,0.02,0.05,0.93
26698,0.0025,0.03,0.9675
26699,0.06666666666666667,0.32,0.6133333333333334
26700,0.05,0.6266666666666667,0.32333333333333336
26701,0.17,0.29833333333333334,0.5316666666666667
26702,0.02,0.4475,0.5325
26703,0.03,0.14,0.83
26704,0.01,0.09,0.9
26705,0.02,0.05,0.93
26706,0.21,0.0625,0.7275
26707,0.6866666666666668,0.03,0.2833333333333334
26708,0.03333333333333333,0.165,0.8016666666666667
26709,0.0,0.06,0.94
26710,0.28,0.33,0.39
26711,0.28,0.05,0.67
26712,0.03,0.19,0.78
26713,0.18166666666666664,0.40833333333333327,0.41
26714,0.017,0.14,0.843
26715,0.01,0.7575,0.2325
26716,0.01,0.96,0.03
26717,0.07476190476190477,0.1510714285714286,0.7741666666666667
26718,0.03,0.21749999999999997,0.7525
26719,0.02,0.13,0.85
26720,0.19649999999999995,0.14,0.6635000000000001
26721,0.0,0.3586666666666667,0.6413333333333333
26722,0.36,0.09666666666666666,0.5433333333333333
26723,0.04666666666666666,0.06,0.8933333333333334
26724,0.095,0.62,0.285
26725,0.02,0.2866666666666667,0.6933333333333335
26726,0.09816666666666667,0.7983333333333335,0.1035
26727,0.13,0.06,0.81
26728,0.11,0.34,0.55
26729,0.17,0.07,0.76
26730,0.01,0.43,0.56
26731,0.05,0.03,0.92
26732,0.23600000000000002,0.7539999999999999,0.01
26733,0.07,0.02,0.91
26734,0.06,0.28,0.66
26735,0.02,0.06333333333333334,0.9166666666666665
26736,0.04,0.5675,0.3925
26737,0.11766666666666666,0.1,0.7823333333333333
26738,0.02,0.05,0.93
26739,0.7733333333333333,0.056666666666666664,0.17
26740,0.06,0.06,0.88
26741,0.09,0.91,0.0
26742,0.08,0.1,0.82
26743,0.08,0.22,0.7
26744,0.146,0.1,0.754
26745,0.03333333333333333,0.01,0.9566666666666667
26746,0.51,0.1,0.39
26747,0.02,0.695,0.285
26748,0.27,0.6866666666666665,0.04333333333333333
26749,0.01,0.3316666666666667,0.6583333333333334
26750,0.07,0.07,0.86
26751,0.04,0.15,0.81
26752,0.02,0.68,0.3
26753,0.02,0.09016666666666666,0.8898333333333335
26754,0.015,0.02,0.965
26755,0.02,0.06666666666666667,0.9133333333333333
26756,0.15,0.04,0.81
26757,0.03,0.01,0.96
26758,0.53,0.15666666666666665,0.3133333333333333
26759,0.05333333333333333,0.43,0.5166666666666666
26760,0.355,0.21333333333333335,0.4316666666666667
26761,0.01,0.06749999999999999,0.9225000000000001
26762,0.07,0.07,0.86
26763,0.03,0.16,0.81
26764,0.11571428571428571,0.2242857142857143,0.66
26765,0.01,0.04,0.95
26766,0.01,0.3,0.69
26767,0.09,0.16,0.75
26768,0.09,0.91,0.0
26769,0.2375,0.26166666666666666,0.5008333333333332
26770,0.16,0.2,0.64
26771,0.15666666666666668,0.8333333333333333,0.01
26772,0.74,0.02,0.24
26773,0.15,0.3041666666666667,0.5458333333333333
26774,0.07,0.07,0.86
26775,0.02,0.13,0.85
26776,0.02,0.09,0.89
26777,0.06,0.15,0.79
26778,0.09,0.07,0.84
26779,0.1,0.12,0.78
26780,0.04,0.21,0.75
26781,0.027777777777777776,0.26,0.7122222222222223
26782,0.05,0.06,0.89
26783,0.26,0.1,0.64
26784,0.05,0.65,0.3
26785,0.05,0.184,0.7659999999999999
26786,0.63,0.01,0.36
26787,0.01,0.01,0.98
26788,0.04,0.54,0.42
26789,0.36416666666666664,0.2758333333333333,0.36
26790,0.0325,0.64,0.3275
26791,0.0,0.085,0.915
26792,0.06,0.11,0.83
26793,0.01,0.06,0.93
26794,0.08,0.045,0.875
26795,0.095,0.460952380952381,0.44404761904761897
26796,0.22,0.78,0.0
26797,0.09,0.2868333333333333,0.6231666666666666
26798,0.36714285714285716,0.24916666666666665,0.3836904761904762
26799,0.14,0.14,0.72
26800,0.03,0.95,0.02
26801,0.0,0.83,0.17
26802,0.11499999999999998,0.1,0.7849999999999998
26803,0.0,0.15,0.85
26804,0.01,0.13,0.86
26805,0.01,0.042,0.948
26806,0.04,0.16,0.8
26807,0.02,0.025,0.955
26808,0.01,0.18,0.81
26809,0.045,0.15333333333333332,0.8016666666666667
26810,0.01,0.08,0.91
26811,0.07,0.08,0.85
26812,0.08,0.08,0.84
26813,0.055,0.34,0.605
26814,0.26,0.06,0.68
26815,0.29,0.235,0.475
26816,0.04,0.71,0.25
26817,0.14,0.06,0.8
26818,0.1,0.08,0.82
26819,0.02,0.09,0.89
26820,0.31,0.68,0.01
26821,0.14,0.84,0.02
26822,0.03,0.22,0.75
26823,0.12,0.12333333333333332,0.7566666666666666
26824,0.03,0.07333333333333333,0.8966666666666666
26825,0.09166666666666666,0.10166666666666666,0.8066666666666665
26826,0.1,0.06,0.84
26827,0.035,0.24,0.725
26828,0.06,0.13,0.81
26829,0.056666666666666664,0.07666666666666667,0.8666666666666666
26830,0.06,0.11,0.83
26831,0.105,0.08,0.815
26832,0.07,0.01,0.92
26833,0.01,0.02,0.97
26834,0.02,0.24,0.74
26835,0.92,0.045,0.035
26836,0.168,0.5820000000000001,0.25
26837,0.07,0.08,0.85
26838,0.05,0.7136666666666666,0.23633333333333334
26839,0.78,0.05,0.17
26840,0.19,0.23,0.58
26841,0.01,0.02,0.97
26842,0.02,0.06,0.92
26843,0.07583333333333334,0.085,0.8391666666666666
26844,0.015,0.815,0.17
26845,0.3,0.04,0.66
26846,0.004,0.04,0.956
26847,0.03,0.21,0.76
26848,0.1,0.05833333333333334,0.8416666666666667
26849,0.05,0.16,0.79
26850,0.23083333333333333,0.17666666666666667,0.5925
26851,0.08,0.36,0.56
26852,0.05,0.725,0.225
26853,0.02,0.03666666666666667,0.9433333333333332
26854,0.126,0.8506666666666667,0.023333333333333334
26855,0.02,0.17833333333333334,0.8016666666666665
26856,0.14,0.12,0.74
26857,0.09,0.15,0.76
26858,0.01,0.8966666666666667,0.09333333333333334
26859,0.08,0.635,0.285
26860,0.01,0.77,0.22
26861,0.05,0.39,0.56
26862,0.06,0.16,0.78
26863,0.01,0.08,0.91
26864,0.07,0.46,0.47
26865,0.11,0.09,0.8
26866,0.07,0.04,0.89
26867,0.08,0.2,0.72
26868,0.05,0.1,0.85
26869,0.0,0.01,0.99
26870,0.01,0.84,0.15
26871,0.17,0.02,0.81
26872,0.08,0.065,0.855
26873,0.05,0.08773809523809524,0.8622619047619047
26874,0.13,0.44,0.43
26875,0.0,0.5019761904761905,0.4980238095238096
26876,0.01,0.12,0.87
26877,0.0,0.035,0.965
26878,0.315,0.05,0.635
26879,0.0,0.05,0.95
26880,0.71,0.04,0.25
26881,0.03,0.05,0.92
26882,0.33,0.01,0.66
26883,0.05,0.11,0.84
26884,0.01,0.785,0.205
26885,0.67,0.03,0.3
26886,0.06,0.02,0.92
26887,0.1,0.04,0.86
26888,0.2413333333333333,0.16333333333333333,0.5953333333333333
26889,0.07,0.04666666666666666,0.8833333333333334
26890,0.04,0.158,0.802
26891,0.1,0.595,0.305
26892,0.07,0.24,0.69
26893,0.02,0.22,0.76
26894,0.0,0.07,0.93
26895,0.05,0.6133333333333333,0.33666666666666667
26896,0.08,0.19,0.73
26897,0.01,0.24416666666666664,0.7458333333333332
26898,0.07,0.08,0.85
26899,0.1,0.26,0.64
26900,0.0475,0.1425,0.81
26901,0.0,0.02,0.98
26902,0.02,0.05333333333333334,0.9266666666666665
26903,0.12,0.18,0.7
26904,0.11,0.85,0.04
26905,0.04,0.12,0.84
26906,0.0,0.12,0.88
26907,0.09,0.02,0.89
26908,0.0,0.09,0.91
26909,0.04,0.7016666666666665,0.2583333333333333
26910,0.015,0.18,0.805
26911,0.12,0.07,0.81
26912,0.06,0.22,0.72
26913,0.105,0.015,0.88
26914,0.02,0.125,0.855
26915,0.085,0.0575,0.8575
26916,0.23,0.75,0.02
26917,0.01,0.03,0.96
26918,0.04333333333333334,0.11,0.8466666666666666
26919,0.76,0.11,0.13
26920,0.02,0.11,0.87
26921,0.0,0.8248333333333333,0.17516666666666666
26922,0.27,0.5175,0.2125
26923,0.09,0.0,0.91
26924,0.02,0.038,0.9420000000000001
26925,0.0355,0.09533333333333333,0.8691666666666665
26926,0.07166666666666667,0.23,0.6983333333333333
26927,0.19,0.28,0.53
26928,0.04,0.96,0.0
26929,0.026666666666666665,0.3933333333333333,0.58
26930,0.02,0.85,0.13
26931,0.1095952380952381,0.8904047619047618,0.0
26932,0.12333333333333334,0.39,0.48666666666666664
26933,0.575,0.06333333333333332,0.3616666666666667
26934,0.06416666666666666,0.14,0.7958333333333334
26935,0.05,0.06,0.89
26936,0.0,0.05,0.95
26937,0.08166666666666667,0.12833333333333333,0.79
26938,0.37,0.61,0.02
26939,0.1,0.79,0.11
26940,0.3,0.15,0.55
26941,0.02,0.07333333333333333,0.9066666666666667
26942,0.08,0.1,0.82
26943,0.01,0.72,0.27
26944,0.05,0.08,0.87
26945,0.02,0.7,0.28
26946,0.0,0.05,0.95
26947,0.01,0.28,0.71
26948,0.09833333333333334,0.12,0.7816666666666667
26949,0.17,0.04,0.79
26950,0.02,0.0,0.98
26951,0.7575,0.17,0.0725
26952,0.12,0.17166666666666663,0.7083333333333335
26953,0.02,0.01,0.97
26954,0.03,0.16,0.81
26955,0.135,0.58,0.285
26956,0.02,0.56,0.42
26957,0.92,0.03,0.05
26958,0.61,0.09,0.3
26959,0.07666666666666666,0.3,0.6233333333333334
26960,0.1,0.11273809523809523,0.7872619047619047
26961,0.16166666666666665,0.04833333333333334,0.79
26962,0.06666666666666667,0.81,0.12333333333333332
26963,0.27,0.0275,0.7025
26964,0.11,0.18083333333333332,0.7091666666666667
26965,0.045,0.4578333333333333,0.4971666666666667
26966,0.08,0.19,0.73
26967,0.02,0.07,0.91
26968,0.05,0.43,0.52
26969,0.0,0.005,0.995
26970,0.095,0.09,0.815
26971,0.02,0.08,0.9
26972,0.08,0.77,0.15
26973,0.12,0.24,0.64
26974,0.04,0.03,0.93
26975,0.03,0.09416666666666668,0.8758333333333335
26976,0.145,0.855,0.0
26977,0.07,0.209,0.721
26978,0.02,0.165,0.815
26979,0.26833333333333337,0.32,0.41166666666666674
26980,0.11,0.05,0.84
26981,0.08666666666666666,0.46,0.45333333333333337
26982,0.09,0.18,0.73
26983,0.09,0.28,0.63
26984,0.145,0.056666666666666664,0.7983333333333333
26985,0.03,0.34,0.63
26986,0.0,0.013333333333333332,0.9866666666666666
26987,0.01,0.94,0.05
26988,0.02,0.85,0.13
26989,0.15,0.13,0.72
26990,0.06,0.0,0.94
26991,0.07666666666666667,0.11,0.8133333333333332
26992,0.18,0.4,0.42
26993,0.02,0.08,0.9
26994,0.6,0.015,0.385
26995,0.03,0.235,0.735
26996,0.08,0.1,0.82
26997,0.3243333333333333,0.41166666666666657,0.264
26998,0.1,0.03,0.87
26999,0.41,0.17,0.4200000000000001
27000,0.046,0.26,0.6940000000000001
27001,0.01,0.5316666666666666,0.45833333333333326
27002,0.04,0.15,0.81
27003,0.08333333333333331,0.17666666666666664,0.74
27004,0.08,0.15,0.77
27005,0.12,0.5,0.38
27006,0.02,0.04,0.94
27007,0.158,0.5820000000000001,0.26
27008,0.145,0.2575,0.5975
27009,0.02,0.25,0.73
27010,0.04833333333333333,0.255,0.6966666666666668
27011,0.18666666666666665,0.615,0.19833333333333336
27012,0.03,0.0175,0.9525
27013,0.11333333333333334,0.07166666666666667,0.8150000000000002
27014,0.01,0.76,0.23
27015,0.04,0.39,0.57
27016,0.02,0.07,0.91
27017,0.02,0.01,0.97
27018,0.12,0.09,0.79
27019,0.1,0.2606666666666666,0.6393333333333333
27020,0.0105,0.8266666666666665,0.1628333333333333
27021,0.0,0.7,0.3
27022,0.0,0.01,0.99
27023,0.06,0.4989999999999999,0.441
27024,0.07833333333333334,0.145,0.7766666666666667
27025,0.02,0.04,0.94
27026,0.0575,0.06,0.8825
27027,0.0,0.01,0.99
27028,0.33,0.26,0.41
27029,0.01,0.22,0.77
27030,0.0,0.2155,0.7845
27031,0.5798333333333334,0.20016666666666666,0.22
27032,0.1,0.1,0.8
27033,0.02,0.11,0.87
27034,0.16,0.125,0.715
27035,0.69,0.145,0.165
27036,0.09,0.02,0.89
27037,0.19,0.13,0.68
27038,0.03,0.056666666666666664,0.9133333333333333
27039,0.51,0.24,0.25
27040,0.13,0.14,0.73
27041,0.0,0.02,0.98
27042,0.23814285714285713,0.7518571428571427,0.01
27043,0.07,0.09821428571428571,0.8317857142857144
27044,0.04,0.005,0.955
27045,0.04,0.27,0.69
27046,0.07433333333333333,0.08,0.8456666666666667
27047,0.09,0.46,0.45
27048,0.55,0.45,0.0
27049,0.245,0.6083333333333333,0.14666666666666667
27050,0.01,0.1,0.89
27051,0.01,0.3345,0.6555000000000001
27052,0.035,0.13,0.835
27053,0.0645,0.204,0.7314999999999999
27054,0.05,0.095,0.855
27055,0.10556818181818181,0.8844318181818182,0.01
27056,0.1,0.9,0.0
27057,0.065,0.06666666666666667,0.8683333333333333
27058,0.41,0.17,0.42
27059,0.06,0.14666666666666667,0.7933333333333334
27060,0.12,0.2257142857142857,0.6542857142857144
27061,0.88,0.04,0.08
27062,0.3778333333333333,0.07,0.5521666666666667
27063,0.03,0.09,0.88
27064,0.0,0.0,1.0
27065,0.19,0.35333333333333333,0.45666666666666667
27066,0.03,0.07666666666666667,0.8933333333333333
27067,0.29,0.09,0.62
27068,0.6541666666666666,0.01,0.33583333333333326
27069,0.03,0.02,0.95
27070,0.0,0.024166666666666666,0.9758333333333334
27071,0.03,0.08,0.89
27072,0.0,0.15666666666666668,0.8433333333333333
27073,0.09833333333333333,0.07,0.8316666666666666
27074,0.04,0.4466666666666667,0.5133333333333333
27075,0.11941666666666668,0.12358333333333332,0.7569999999999999
27076,0.1325,0.03,0.8375
27077,0.01,0.03,0.96
27078,0.02,0.1,0.88
27079,0.0,0.18783333333333332,0.8121666666666667
27080,0.02,0.82,0.16
27081,0.08333333333333331,0.03,0.8866666666666667
27082,0.03,0.0125,0.9575
27083,0.075,0.15666666666666668,0.7683333333333334
27084,0.015,0.7,0.285
27085,0.05,0.01,0.94
27086,0.26,0.13,0.61
27087,0.09,0.12,0.79
27088,0.013333333333333332,0.07,0.9166666666666667
27089,0.09,0.10400000000000001,0.8059999999999999
27090,0.01,0.03,0.96
27091,0.12,0.67,0.21
27092,0.16149999999999998,0.8325,0.006
27093,0.12,0.48166666666666663,0.3983333333333334
27094,0.18,0.02,0.8
27095,0.01,0.07,0.92
27096,0.1325,0.7175,0.15
27097,0.13130952380952382,0.36,0.5086904761904761
27098,0.07,0.16,0.77
27099,0.0,0.01,0.99
27100,0.02,0.0725,0.9075
27101,0.07,0.19,0.74
27102,0.0,0.1885,0.8115000000000001
27103,0.01,0.04,0.95
27104,0.13,0.045,0.825
27105,0.04,0.03,0.93
27106,0.026666666666666665,0.08,0.8933333333333333
27107,0.15,0.155,0.695
27108,0.08,0.06,0.86
27109,0.14833333333333332,0.1,0.7516666666666667
27110,0.08,0.085,0.835
27111,0.05,0.18600000000000003,0.764
27112,0.9566666666666666,0.013333333333333332,0.029999999999999995
27113,0.012,0.03,0.958
27114,0.06,0.06,0.88
27115,0.13,0.66,0.21
27116,0.09,0.195,0.715
27117,0.04,0.3,0.66
27118,0.0,0.04,0.96
27119,0.04,0.89,0.07
27120,0.03,0.96,0.01
27121,0.17,0.83,0.0
27122,0.08,0.25000000000000006,0.67
27123,0.1125,0.14,0.7475
27124,0.2866666666666667,0.07833333333333332,0.635
27125,0.03,0.1,0.87
27126,0.03,0.175,0.795
27127,0.255,0.205,0.54
27128,0.0,0.07,0.93
27129,0.09866666666666665,0.03,0.8713333333333334
27130,0.02,0.02,0.96
27131,0.7391666666666667,0.02,0.24083333333333334
27132,0.11,0.04,0.85
27133,0.06,0.58,0.36
27134,0.07666666666666667,0.46299999999999997,0.46033333333333337
27135,0.135,0.855,0.01
27136,0.04,0.665,0.295
27137,0.03,0.09,0.88
27138,0.68,0.11,0.21
27139,0.11,0.2175,0.6725
27140,0.55,0.03,0.42
27141,0.11,0.19666666666666666,0.6933333333333335
27142,0.76,0.06,0.18
27143,0.03833333333333333,0.07,0.8916666666666666
27144,0.07,0.01,0.92
27145,0.74,0.04,0.22
27146,0.1,0.1,0.8
27147,0.08333333333333331,0.08,0.8366666666666667
27148,0.02,0.12,0.86
27149,0.02,0.54,0.44
27150,0.05,0.18,0.77
27151,0.11,0.14,0.75
27152,0.24,0.035,0.725
27153,0.01,0.02,0.97
27154,0.05,0.72,0.23
27155,0.08,0.25,0.67
27156,0.228,0.07200000000000001,0.7
27157,0.12,0.13,0.75
27158,0.0,0.01,0.99
27159,0.034,0.06671428571428571,0.8992857142857144
27160,0.005,0.05,0.945
27161,0.67,0.1,0.23
27162,0.015666666666666666,0.4059047619047619,0.5784285714285713
27163,0.03,0.0,0.97
27164,0.05333333333333334,0.22366666666666668,0.7230000000000001
27165,0.06404761904761905,0.02,0.9159523809523811
27166,0.06583333333333334,0.2026666666666667,0.7314999999999999
27167,0.03833333333333334,0.2,0.7616666666666666
27168,0.16,0.225,0.615
27169,0.0,0.01,0.99
27170,0.18,0.075,0.745
27171,0.14,0.18216666666666664,0.6778333333333333
27172,0.02,0.05,0.93
27173,0.02,0.05,0.93
27174,0.03,0.4175,0.5525
27175,0.5486666666666666,0.03333333333333333,0.418
27176,0.02,0.11,0.87
27177,0.09,0.2633333333333333,0.6466666666666666
27178,0.02,0.07,0.91
27179,0.0,0.0,1.0
27180,0.08,0.03,0.89
27181,0.255,0.08666666666666666,0.6583333333333333
27182,0.0,0.02,0.98
27183,0.0,0.04,0.96
27184,0.13,0.055,0.815
27185,0.04583333333333333,0.06,0.8941666666666667
27186,0.01,0.21316666666666667,0.7768333333333335
27187,0.09,0.14,0.77
27188,0.042833333333333334,0.05,0.9071666666666666
27189,0.02,0.01,0.97
27190,0.06016666666666667,0.0,0.9398333333333333
27191,0.2723333333333333,0.6976666666666667,0.03
27192,0.09,0.06,0.85
27193,0.003333333333333333,0.02,0.9766666666666666
27194,0.06,0.0625,0.8775
27195,0.02,0.07,0.91
27196,0.02,0.0725,0.9075
27197,0.07,0.08,0.85
27198,0.0,0.0,1.0
27199,0.1,0.06,0.84
27200,0.02333333333333333,0.78,0.19666666666666668
27201,0.05,0.38,0.57
27202,0.03,0.27,0.7
27203,0.01,0.07,0.92
27204,0.6633333333333333,0.11,0.22666666666666666
27205,0.15,0.02,0.83
27206,0.025,0.065,0.91
27207,0.22,0.04,0.74
27208,0.12,0.18,0.7
27209,0.12666666666666665,0.04333333333333333,0.83
27210,0.08,0.08,0.84
27211,0.04,0.3518333333333333,0.6081666666666667
27212,0.0,0.0,1.0
27213,0.12,0.245,0.635
27214,0.1,0.14666666666666667,0.7533333333333333
27215,0.1295,0.3671666666666667,0.5033333333333333
27216,0.01,0.01,0.98
27217,0.71,0.07,0.22
27218,0.06,0.41,0.53
27219,0.07,0.15,0.78
27220,0.03,0.56,0.41
27221,0.64,0.17,0.19
27222,0.22,0.77,0.01
27223,0.08,0.12,0.8
27224,0.06,0.44,0.5
27225,0.03,0.05333333333333333,0.9166666666666665
27226,0.5,0.4333333333333333,0.06666666666666667
27227,0.16,0.84,0.0
27228,0.02,0.67,0.31
27229,0.34,0.1,0.56
27230,0.4527142857142856,0.06,0.4872857142857143
27231,0.003333333333333333,0.049444444444444444,0.9472222222222223
27232,0.12,0.21,0.67
27233,0.486,0.27,0.244
27234,0.05,0.055,0.895
27235,0.05,0.12,0.83
27236,0.28,0.4,0.32
27237,0.19,0.31,0.5
27238,0.009000000000000001,0.835,0.156
27239,0.01,0.33925000000000005,0.6507499999999999
27240,0.13,0.84,0.03
27241,0.3675,0.33,0.3025
27242,0.026666666666666665,0.065,0.9083333333333333
27243,0.7,0.02,0.28
27244,0.07,0.0725,0.8575
27245,0.0,0.0,1.0
27246,0.14,0.05,0.81
27247,0.05,0.125,0.825
27248,0.04,0.81,0.15
27249,0.01,0.02,0.97
27250,0.09,0.28,0.63
27251,0.07,0.13,0.8
27252,0.16,0.365,0.475
27253,0.32,0.43,0.25
27254,0.03,0.34,0.63
27255,0.11,0.14,0.75
27256,0.1,0.35,0.55
27257,0.68,0.09,0.23
27258,0.07,0.2275,0.7025
27259,0.17,0.13,0.7
27260,0.18,0.575,0.245
27261,0.175,0.22,0.605
27262,0.065,0.7533333333333333,0.18166666666666667
27263,0.1,0.36666666666666664,0.5333333333333333
27264,0.125,0.12,0.755
27265,0.0,0.0,1.0
27266,0.09,0.06,0.85
27267,0.16,0.62,0.22
27268,0.07,0.1185,0.8115000000000001
27269,0.03,0.13,0.84
27270,0.03,0.08,0.89
27271,0.05,0.71,0.24
27272,0.1725,0.09,0.7375
27273,0.12,0.3,0.58
27274,0.08449999999999999,0.02,0.8955
27275,0.03,0.15,0.82
27276,0.07,0.12,0.81
27277,0.06,0.24,0.7
27278,0.0,0.18,0.82
27279,0.2858333333333334,0.095,0.6191666666666668
27280,0.04,0.59,0.37
27281,0.58,0.035,0.385
27282,0.0,0.06,0.94
27283,0.1,0.89,0.01
27284,0.1,0.86,0.04
27285,0.28,0.06833333333333333,0.6516666666666667
27286,0.03666666666666667,0.23,0.7333333333333334
27287,0.02333333333333333,0.48833333333333334,0.48833333333333334
27288,0.14,0.075,0.785
27289,0.12,0.11,0.77
27290,0.08,0.305,0.615
27291,0.07,0.12,0.81
27292,0.01,0.4,0.59
27293,0.145,0.19,0.665
27294,0.08333333333333331,0.18750000000000003,0.7291666666666667
27295,0.0075,0.045,0.9475
27296,0.02,0.35,0.63
27297,0.3285,0.12816666666666665,0.5433333333333333
27298,0.01,0.171,0.8190000000000001
27299,0.06,0.165,0.775
27300,0.3266666666666667,0.13833333333333334,0.535
27301,0.01,0.13,0.86
27302,0.12166666666666666,0.7916666666666667,0.08666666666666668
27303,0.6,0.01,0.39
27304,0.01,0.2861666666666666,0.7038333333333333
27305,0.01,0.06,0.93
27306,0.049166666666666664,0.0,0.9508333333333333
27307,0.04,0.09,0.87
27308,0.07,0.045,0.885
27309,0.09,0.14,0.77
27310,0.12,0.1,0.78
27311,0.06,0.1,0.84
27312,0.13,0.0855,0.7845
27313,0.02,0.1,0.88
27314,0.06,0.05,0.89
27315,0.02,0.06,0.92
27316,0.01,0.06,0.93
27317,0.184,0.8059999999999999,0.01
27318,0.05,0.73,0.22
27319,0.04,0.11,0.85
27320,0.12,0.165,0.715
27321,0.01,0.04,0.95
27322,0.03,0.085,0.885
27323,0.31,0.15,0.54
27324,0.05,0.18,0.77
27325,0.04,0.35,0.61
27326,0.3066666666666667,0.06,0.6333333333333333
27327,0.115,0.815,0.07
27328,0.01,0.165,0.825
27329,0.03,0.06,0.91
27330,0.0225,0.7941666666666666,0.18333333333333335
27331,0.31166666666666665,0.11,0.5783333333333334
27332,0.08,0.057666666666666665,0.8623333333333334
27333,0.24,0.07,0.69
27334,0.055,0.04,0.905
27335,0.07833333333333332,0.09,0.8316666666666666
27336,0.2616666666666667,0.01,0.7283333333333333
27337,0.1725,0.14,0.6875
27338,0.25,0.6933333333333335,0.05666666666666667
27339,0.52,0.05,0.43
27340,0.02,0.06,0.92
27341,0.025,0.04,0.935
27342,0.06,0.135,0.805
27343,0.0,0.01,0.99
27344,0.06,0.06,0.88
27345,0.2025,0.07,0.7275
27346,0.1975,0.175,0.6275
27347,0.08666666666666666,0.08,0.8333333333333333
27348,0.05,0.06,0.89
27349,0.36,0.0,0.64
27350,0.08,0.23,0.69
27351,0.02,0.105,0.875
27352,0.08800000000000001,0.025,0.887
27353,0.09,0.125,0.785
27354,0.07,0.35,0.58
27355,0.02,0.02,0.96
27356,0.03,0.03,0.94
27357,0.03333333333333333,0.22,0.7466666666666666
27358,0.03,0.02,0.95
27359,0.1,0.55,0.35
27360,0.02,0.085,0.895
27361,0.05,0.95,0.0
27362,0.15,0.51,0.34
27363,0.05,0.07,0.88
27364,0.01,0.83,0.16
27365,0.42104761904761917,0.0,0.5789523809523809
27366,0.12,0.39,0.49
27367,0.04,0.065,0.895
27368,0.07833333333333332,0.7116666666666667,0.21
27369,0.376,0.534,0.09
27370,0.29233333333333333,0.7076666666666667,0.0
27371,0.83,0.01,0.16
27372,0.13,0.01,0.86
27373,0.20233333333333334,0.386,0.41166666666666674
27374,0.08,0.225,0.695
27375,0.09,0.115,0.795
27376,0.18916666666666665,0.1125,0.6983333333333335
27377,0.14,0.20838095238095236,0.6516190476190477
27378,0.4175,0.515,0.0675
27379,0.05333333333333334,0.1,0.8466666666666666
27380,0.43749999999999994,0.4325,0.13
27381,0.0,0.5664999999999999,0.4335000000000001
27382,0.14,0.4,0.46
27383,0.05,0.09,0.86
27384,0.07,0.5,0.43
27385,0.83,0.03,0.14
27386,0.09,0.17,0.74
27387,0.12,0.225,0.655
27388,0.0,0.06,0.94
27389,0.14,0.14,0.72
27390,0.45,0.28,0.27
27391,0.1,0.06,0.84
27392,0.01,0.01,0.98
27393,0.2,0.27449999999999997,0.5255
27394,0.04,0.21,0.75
27395,0.02,0.055,0.925
27396,0.02,0.005,0.975
27397,0.013999999999999999,0.8959999999999999,0.09
27398,0.2866666666666667,0.05,0.6633333333333334
27399,0.01,0.81,0.18
27400,0.02,0.26,0.72
27401,0.1,0.04,0.86
27402,0.01,0.9366666666666665,0.05333333333333333
27403,0.08,0.11,0.81
27404,0.09,0.91,0.0
27405,0.0885,0.2341666666666667,0.6773333333333333
27406,0.16,0.2,0.64
27407,0.09666666666666666,0.09,0.8133333333333332
27408,0.26,0.09,0.65
27409,0.25559523809523804,0.6960714285714285,0.04833333333333334
27410,0.0,0.0,1.0
27411,0.01,0.0,0.99
27412,0.09,0.46,0.45
27413,0.16,0.24266666666666667,0.5973333333333334
27414,0.0,0.89,0.11
27415,0.91,0.02,0.07
27416,0.11,0.13,0.76
27417,0.09,0.26,0.65
27418,0.02,0.52,0.46
27419,0.0,0.94,0.06
27420,0.075,0.11,0.815
27421,0.03,0.04,0.93
27422,0.0,0.0,1.0
27423,0.12766666666666665,0.23,0.6423333333333333
27424,0.69,0.136,0.174
27425,0.4258333333333333,0.32,0.25416666666666665
27426,0.0725,0.16416666666666668,0.7633333333333333
27427,0.11,0.88,0.01
27428,0.03,0.145,0.825
27429,0.15333333333333335,0.14166666666666666,0.705
27430,0.18716666666666668,0.01,0.8028333333333333
27431,0.669,0.022000000000000002,0.309
27432,0.26,0.306,0.434
27433,0.09,0.51,0.4
27434,0.09083333333333334,0.0895,0.8196666666666667
27435,0.02,0.18,0.8
27436,0.05833333333333333,0.195,0.7466666666666667
27437,0.1,0.09,0.81
27438,0.052000000000000005,0.12,0.828
27439,0.06,0.07,0.87
27440,0.08233333333333334,0.2376666666666667,0.68
27441,0.23,0.03,0.74
27442,0.03,0.0725,0.8975
27443,0.15,0.21,0.64
27444,0.08,0.01,0.91
27445,0.12833333333333333,0.5366666666666666,0.335
27446,0.08,0.14666666666666667,0.7733333333333334
27447,0.013333333333333332,0.15583333333333335,0.8308333333333333
27448,0.17,0.14785714285714285,0.682142857142857
27449,0.03,0.095,0.875
27450,0.06,0.94,0.0
27451,0.03,0.03,0.94
27452,0.03,0.1,0.87
27453,0.04,0.58,0.38
27454,0.09,0.395,0.515
27455,0.15,0.09,0.76
27456,0.01,0.34,0.65
27457,0.04333333333333334,0.14666666666666667,0.81
27458,0.07333333333333333,0.13,0.7966666666666667
27459,0.13,0.425,0.445
27460,0.125,0.195,0.68
27461,0.04,0.08,0.88
27462,0.12,0.06,0.82
27463,0.71,0.07,0.22
27464,0.13,0.19399999999999998,0.6759999999999999
27465,0.2025,0.08,0.7175
27466,0.08,0.385,0.535
27467,0.01,0.04,0.95
27468,0.02,0.03,0.95
27469,0.10300000000000001,0.127,0.77
27470,0.1,0.03,0.87
27471,0.02,0.01,0.97
27472,0.04,0.09,0.87
27473,0.05,0.01,0.94
27474,0.47,0.14,0.39
27475,0.06,0.45,0.49
27476,0.03,0.7,0.27
27477,0.01,0.29633333333333334,0.6936666666666667
27478,0.0,0.07,0.93
27479,0.59,0.04,0.37
27480,0.25,0.35,0.4
27481,0.1,0.36,0.54
27482,0.06,0.03,0.91
27483,0.065,0.2501666666666667,0.6848333333333332
27484,0.11083333333333334,0.3769047619047619,0.5122619047619047
27485,0.25416666666666665,0.0475,0.6983333333333333
27486,0.01,0.83,0.16
27487,0.15,0.09,0.76
27488,0.16,0.15166666666666667,0.6883333333333335
27489,0.0,0.01,0.99
27490,0.19,0.17571428571428568,0.6342857142857143
27491,0.08,0.9,0.02
27492,0.07,0.13,0.8
27493,0.05,0.02,0.93
27494,0.09,0.0825,0.8275
27495,0.05,0.3115,0.6385
27496,0.05333333333333333,0.79,0.15666666666666665
27497,0.04,0.64,0.32
27498,0.74,0.06,0.2
27499,0.17,0.23,0.6
27500,0.0,0.0,1.0
27501,0.11,0.15,0.74
27502,0.02,0.83,0.15
27503,0.02,0.05,0.93
27504,0.01,0.79,0.2
27505,0.18,0.03,0.79
27506,0.5041428571428571,0.04416666666666667,0.45169047619047625
27507,0.1175,0.1325,0.75
27508,0.02,0.05,0.93
27509,0.06,0.06,0.88
27510,0.38,0.21,0.41
27511,0.08,0.01,0.91
27512,0.02,0.01,0.97
27513,0.2,0.79,0.01
27514,0.02,0.18,0.8
27515,0.06,0.09083333333333332,0.8491666666666667
27516,0.06333333333333334,0.16,0.7766666666666666
27517,0.32,0.09,0.59
27518,0.04333333333333333,0.06,0.8966666666666666
27519,0.07,0.04,0.89
27520,0.045,0.28800000000000003,0.667
27521,0.11166666666666668,0.8783333333333334,0.01
27522,0.19,0.8,0.01
27523,0.16,0.82,0.02
27524,0.045,0.46,0.495
27525,0.15,0.2175,0.6325
27526,0.09,0.07,0.84
27527,0.42666666666666664,0.01,0.5633333333333332
27528,0.03,0.2316666666666667,0.7383333333333334
27529,0.11,0.54,0.35
27530,0.05,0.39,0.56
27531,0.03,0.18,0.79
27532,0.02,0.09,0.89
27533,0.07,0.09,0.84
27534,0.132,0.57,0.298
27535,0.616,0.21,0.174
27536,0.03,0.0925,0.8775
27537,0.085,0.09,0.825
27538,0.18,0.4,0.42
27539,0.19,0.58,0.23
27540,0.1125,0.1,0.7875
27541,0.42416666666666664,0.24,0.3358333333333334
27542,0.02,0.61,0.37
27543,0.360047619047619,0.01,0.6299523809523808
27544,0.01,0.04,0.95
27545,0.11,0.09,0.8
27546,0.29,0.16,0.55
27547,0.16,0.8,0.04
27548,0.175,0.28,0.545
27549,0.03,0.08666666666666666,0.8833333333333333
27550,0.02,0.03,0.95
27551,0.12,0.16,0.72
27552,0.01,0.04,0.95
27553,0.13,0.21716666666666667,0.6528333333333333
27554,0.01,0.86,0.13
27555,0.01,0.09,0.9
27556,0.0,0.31,0.69
27557,0.02,0.02,0.96
27558,0.11916666666666666,0.05083333333333333,0.83
27559,0.1625,0.22,0.6175
27560,0.13,0.09,0.78
27561,0.01,0.05,0.94
27562,0.31,0.14,0.55
27563,0.03,0.30485714285714277,0.665142857142857
27564,0.09,0.0825,0.8275
27565,0.06,0.115,0.825
27566,0.115,0.07,0.8149999999999998
27567,0.23,0.06333333333333332,0.7066666666666667
27568,0.4,0.38,0.22
27569,0.05,0.16,0.79
27570,0.06,0.16,0.78
27571,0.605,0.385,0.01
27572,0.32,0.2,0.48
27573,0.83,0.09,0.08
27574,0.09,0.28,0.63
27575,0.01,0.2,0.79
27576,0.005,0.9075,0.0875
27577,0.19,0.33,0.48
27578,0.04,0.05,0.91
27579,0.05,0.3,0.65
27580,0.02,0.22,0.76
27581,0.45,0.13,0.42
27582,0.19,0.07,0.74
27583,0.53,0.05,0.42
27584,0.02,0.045,0.935
27585,0.0,0.0,1.0
27586,0.06,0.01,0.93
27587,0.0,0.36,0.64
27588,0.01,0.8935,0.0965
27589,0.05,0.28,0.67
27590,0.1,0.115,0.785
27591,0.055,0.06,0.885
27592,0.05,0.05,0.9
27593,0.02,0.09,0.89
27594,0.01,0.695,0.295
27595,0.11,0.225,0.665
27596,0.05928571428571429,0.03,0.9107142857142857
27597,0.05,0.06,0.89
27598,0.12,0.0675,0.8125
27599,0.18,0.27566666666666667,0.5443333333333333
27600,0.6,0.03333333333333333,0.36666666666666664
27601,0.4833333333333333,0.07666666666666667,0.44
27602,0.15416666666666667,0.25333333333333335,0.5925
27603,0.55,0.18,0.27
27604,0.17,0.08,0.75
27605,0.2821666666666667,0.2578333333333333,0.46
27606,0.08,0.03,0.89
27607,0.4275,0.08,0.4925
27608,0.11,0.02,0.87
27609,0.0,0.205,0.795
27610,0.01,0.72,0.27
27611,0.20750000000000005,0.7825,0.01
27612,0.03,0.61,0.36
27613,0.06,0.1405,0.7995
27614,0.9,0.03,0.07
27615,0.01,0.06333333333333332,0.9266666666666667
27616,0.8,0.2,0.0
27617,0.03,0.67,0.3
27618,0.04,0.09,0.87
27619,0.02,0.14,0.84
27620,0.14,0.52,0.34
27621,0.01,0.76,0.23
27622,0.08,0.91,0.01
27623,0.25,0.14,0.61
27624,0.09,0.10666666666666667,0.8033333333333335
27625,0.07380952380952381,0.07,0.8561904761904762
27626,0.4131666666666666,0.05,0.5368333333333334
27627,0.0,0.41,0.59
27628,0.2,0.79,0.01
27629,0.01,0.0,0.99
27630,0.07,0.06,0.87
27631,0.685,0.04,0.275
27632,0.01,0.045,0.945
27633,0.08,0.65,0.27
27634,0.521,0.11,0.369
27635,0.04,0.22166666666666665,0.7383333333333334
27636,0.24583333333333335,0.18,0.5741666666666666
27637,0.1275,0.03983333333333333,0.8326666666666666
27638,0.02,0.11,0.87
27639,0.5533333333333333,0.1,0.3466666666666666
27640,0.04,0.29266666666666663,0.6673333333333332
27641,0.04,0.67,0.29
27642,0.0,0.11833333333333335,0.8816666666666667
27643,0.16,0.3045,0.5355
27644,0.02,0.18,0.8
27645,0.02,0.77,0.21
27646,0.11333333333333334,0.41,0.4766666666666666
27647,0.4433333333333333,0.03,0.5266666666666668
27648,0.03,0.155,0.815
27649,0.08,0.07,0.85
27650,0.1366666666666667,0.35,0.5133333333333333
27651,0.145,0.07,0.785
27652,0.7391666666666667,0.02,0.24083333333333334
27653,0.1,0.04,0.86
27654,0.06,0.11,0.83
27655,0.02,0.07,0.91
27656,0.03,0.4397142857142857,0.5302857142857142
27657,0.17,0.51,0.32
27658,0.09333333333333332,0.26066666666666666,0.6459999999999999
27659,0.02,0.016666666666666666,0.9633333333333333
27660,0.18,0.23,0.59
27661,0.02,0.02,0.96
27662,0.04,0.24,0.72
27663,0.06,0.2816666666666667,0.6583333333333334
27664,0.06,0.175,0.765
27665,0.56,0.22,0.22
27666,0.025,0.69,0.285
27667,0.01,0.025,0.965
27668,0.16399999999999998,0.05,0.7859999999999999
27669,0.14,0.34666666666666673,0.5133333333333333
27670,0.03,0.2826666666666667,0.6873333333333332
27671,0.3,0.04,0.66
27672,0.31716666666666665,0.03,0.6528333333333333
27673,0.03,0.05,0.92
27674,0.04,0.02,0.94
27675,0.04,0.5,0.46
27676,0.0,0.99,0.01
27677,0.04,0.02,0.94
27678,0.04,0.0,0.96
27679,0.10166666666666666,0.54,0.3583333333333333
27680,0.1723095238095238,0.8110238095238096,0.016666666666666666
27681,0.01,0.51,0.48
27682,0.19,0.12,0.69
27683,0.01,0.95,0.04
27684,0.63,0.01,0.36
27685,0.05,0.1725,0.7775
27686,0.02,0.15,0.83
27687,0.05,0.39,0.56
27688,0.03,0.2957619047619048,0.6742380952380951
27689,0.04,0.63,0.33
27690,0.003333333333333333,0.12,0.8766666666666666
27691,0.0,0.06,0.94
27692,0.026666666666666665,0.1325,0.8408333333333334
27693,0.07,0.04,0.89
27694,0.03,0.15,0.82
27695,0.15,0.06333333333333332,0.7866666666666666
27696,0.11,0.315,0.575
27697,0.17166666666666663,0.08,0.7483333333333334
27698,0.28,0.21666666666666665,0.5033333333333333
27699,0.08,0.7425,0.1775
27700,0.305,0.615,0.08
27701,0.04333333333333334,0.65,0.30666666666666664
27702,0.01,0.03,0.96
27703,0.38333333333333336,0.18816666666666668,0.42849999999999994
27704,0.02,0.17,0.81
27705,0.04,0.14533333333333334,0.8146666666666667
27706,0.03,0.01,0.96
27707,0.05,0.15,0.8
27708,0.05,0.025,0.925
27709,0.81,0.11,0.08
27710,0.03,0.04,0.93
27711,0.02,0.08,0.9
27712,0.03,0.08,0.89
27713,0.07,0.03,0.9
27714,0.032,0.095,0.873
27715,0.3316666666666667,0.3,0.3683333333333333
27716,0.01,0.15,0.84
27717,0.0,0.02,0.98
27718,0.09,0.14,0.77
27719,0.06,0.09,0.85
27720,0.91,0.01,0.08
27721,0.05,0.48154761904761906,0.46845238095238095
27722,0.10083333333333334,0.14666666666666667,0.7525
27723,0.04,0.02,0.94
27724,0.16,0.5191666666666667,0.3208333333333333
27725,0.05,0.1,0.85
27726,0.16,0.02,0.82
27727,0.0,0.115,0.885
27728,0.0,0.067,0.9329999999999999
27729,0.25316666666666665,0.03333333333333333,0.7134999999999998
27730,0.06,0.0,0.94
27731,0.06,0.18,0.76
27732,0.05,0.06,0.89
27733,0.02,0.0525,0.9275
27734,0.07666666666666666,0.03,0.8933333333333333
27735,0.0125,0.1775,0.81
27736,0.229,0.7609999999999999,0.01
27737,0.04,0.05,0.91
27738,0.005,0.026666666666666665,0.9683333333333334
27739,0.03,0.08800000000000001,0.882
27740,0.03666666666666667,0.23,0.7333333333333334
27741,0.06,0.12,0.82
27742,0.16666666666666663,0.8333333333333333,0.0
27743,0.105,0.1225,0.7725
27744,0.05,0.24,0.71
27745,0.0,0.37,0.63
27746,0.3358333333333334,0.11,0.5541666666666667
27747,0.01,0.05,0.94
27748,0.03,0.012,0.958
27749,0.16,0.13333333333333333,0.7066666666666666
27750,0.01,0.0,0.99
27751,0.05,0.08,0.87
27752,0.01,0.075,0.915
27753,0.025833333333333333,0.83,0.14416666666666667
27754,0.12,0.31,0.57
27755,0.0,0.36,0.64
27756,0.04,0.2,0.76
27757,0.0425,0.9475,0.01
27758,0.1,0.9,0.0
27759,0.66,0.25,0.09
27760,0.06,0.005,0.935
27761,0.01,0.72,0.27
27762,0.13583333333333333,0.4191666666666666,0.445
27763,0.25,0.11,0.64
27764,0.0275,0.085,0.8875
27765,0.02,0.04,0.94
27766,0.24,0.22,0.54
27767,0.08,0.6,0.32
27768,0.005,0.15,0.845
27769,0.2285,0.17149999999999999,0.6
27770,0.1,0.27,0.63
27771,0.31333333333333335,0.09666666666666668,0.59
27772,0.25,0.16,0.59
27773,0.06666666666666667,0.65,0.2833333333333333
27774,0.04,0.225,0.735
27775,0.22333333333333336,0.7466666666666666,0.03
27776,0.02,0.12,0.86
27777,0.07633333333333334,0.5836666666666666,0.34
27778,0.22,0.78,0.0
27779,0.05583333333333333,0.12333333333333332,0.8208333333333334
27780,0.59,0.23,0.18
27781,0.135,0.43,0.435
27782,0.5033333333333334,0.19583333333333333,0.30083333333333334
27783,0.01,0.48,0.51
27784,0.13,0.21,0.66
27785,0.13,0.12,0.75
27786,0.58,0.15,0.27
27787,0.03,0.01,0.96
27788,0.09,0.87,0.04
27789,0.05333333333333334,0.18666666666666668,0.76
27790,0.03,0.02,0.95
27791,0.10666666666666667,0.03333333333333333,0.86
27792,0.3941666666666667,0.15,0.45583333333333337
27793,0.056666666666666664,0.006,0.9373333333333334
27794,0.016666666666666666,0.03,0.9533333333333333
27795,0.15,0.2,0.65
27796,0.11,0.02,0.87
27797,0.84,0.025,0.135
