,index,0,1,2
0,26457,0.11381270293846146,0.19242027631881026,0.6937670207427282
1,26458,0.11690910375696317,0.19113003296682404,0.6919608632762126
2,26459,0.11418766797230655,0.19691198366766924,0.6889003483600247
3,26460,0.11760447060948892,0.1822441141531434,0.7001514152373679
4,26461,0.1195159920309856,0.18621944644947896,0.6942645615195354
5,26462,0.11738786019983836,0.22387063246565497,0.6587415073345066
6,26463,0.23211389820217665,0.675360307312154,0.09252579448566965
7,26464,0.11799185699314,0.20893267143065938,0.6730754715762004
8,26465,0.10775075289219424,0.194245516585356,0.6980037305224498
9,26466,0.1104984010332887,0.22064551645040287,0.6688560825163082
10,26467,0.11473319499874275,0.20874446185196333,0.6765223431492938
11,26468,0.11453622630308334,0.19638498887751193,0.6890787848194049
12,26469,0.11729144369890171,0.1998281796679301,0.6828803766331685
13,26470,0.11384649570851135,0.2016382452833049,0.6845152590081837
14,26471,0.11100239693328094,0.19270805200475977,0.6962895510619594
15,26472,0.11459957531076977,0.2039369117967183,0.6814635128925117
16,26473,0.11320991100169986,0.19545504048389126,0.6913350485144091
17,26474,0.21692723909349668,0.6804302388086634,0.10264252209784004
18,26475,0.11588953540106792,0.2075668555011151,0.6765436090978167
19,26476,0.1135056369516212,0.22392781740371814,0.6625665456446604
20,26477,0.11803450952929398,0.19939938882439956,0.6825661016463063
21,26478,0.11997967054856598,0.18887147350140757,0.6911488559500266
22,26479,0.11391259102860643,0.2057180092032672,0.6803693997681266
23,26480,0.11556689572420575,0.1698024314611483,0.714630672814646
24,26481,0.11349383159214779,0.20886113368332523,0.6776450347245272
25,26482,0.11444573993083078,0.20428490939959373,0.6812693506695757
26,26483,0.11525354169542461,0.2120706673207177,0.6726757909838575
27,26484,0.1388453601633506,0.24015368600372383,0.6210009538329256
28,26485,0.11508902704291966,0.18456232346718468,0.7003486494898958
29,26486,0.11921270361578537,0.2133211980257547,0.6674660983584598
30,26487,0.11572190571731532,0.1978101200404199,0.6864679742422648
31,26488,0.17062666411854882,0.7245857640713556,0.10478757181009572
32,26489,0.11543363263374089,0.21987199660121817,0.6646943707650412
33,26490,0.11919778067644948,0.2233874206864751,0.6574147986370755
34,26491,0.11417905734895076,0.19505910460437112,0.6907618380466783
35,26492,0.11832873996206407,0.1866697577856475,0.6950015022522886
36,26493,0.21094893528987968,0.6855731313142812,0.10347793339583941
37,26494,0.11232890870998964,0.19488621687683205,0.6927848744131784
38,26495,0.11342360533918537,0.20150555810274656,0.685070836558068
39,26496,0.1252469987280713,0.23425130156037308,0.6405016997115556
40,26497,0.11911186933380033,0.21300436462124003,0.6678837660449595
41,26498,0.12383951259371695,0.22351396667329224,0.6526465207329908
42,26499,0.112139771552846,0.19405131396877767,0.6938089144783764
43,26500,0.11996111905322718,0.18974959815993775,0.6902892827868352
44,26501,0.12012608491441398,0.18467891737690498,0.6951949977086808
45,26502,0.11881808437780533,0.20689061726134925,0.6742912983608452
46,26503,0.12320093356218002,0.19887171937852183,0.677927347059298
47,26504,0.12009667792888383,0.19936214078974357,0.6805411812813723
48,26505,0.11500432575370055,0.17904986083437538,0.7059458134119241
49,26506,0.1973213399118331,0.6863586619718224,0.11631999811634448
50,26507,0.19836998808518916,0.7216051711518148,0.08002484076299622
51,26508,0.11317739553891322,0.19661008082897488,0.6902125236321119
52,26509,0.11680400110687116,0.19651995074959688,0.6866760481435322
53,26510,0.1184694502682588,0.19338543802508237,0.6881451117066589
54,26511,0.11524678785198034,0.19362598129360747,0.6911272308544123
55,26512,0.11360050339417974,0.21049820988369625,0.675901286722124
56,26513,0.11194868937245735,0.21157914861227362,0.6764721620152692
57,26514,0.1130768153425238,0.19674490333878455,0.6901782813186916
58,26515,0.11210519161931023,0.19367741444131206,0.6942173939393779
59,26516,0.11543363263374089,0.21987199660121817,0.6646943707650412
60,26517,0.18798961207947953,0.6910030545019918,0.12100733341852864
61,26518,0.11259848950279683,0.19622684456671022,0.691174665930493
62,26519,0.11408239096738432,0.21325320230148065,0.6726644067311349
63,26520,0.11099425105963569,0.2250361993808295,0.6639695495595349
64,26521,0.12021282321009204,0.19758422848813514,0.6822029483017725
65,26522,0.11447279730151377,0.22518027136471372,0.6603469313337726
66,26523,0.11407500697513491,0.19899236666895362,0.6869326263559113
67,26524,0.11263798302522396,0.2388338713121894,0.6485281456625868
68,26525,0.11345938717061697,0.1963697088573023,0.6901709039720808
69,26526,0.11293359240333117,0.19276419670006262,0.6943022108966062
70,26527,0.11669534422533787,0.18315309892411608,0.7001515568505462
71,26528,0.19903220209217337,0.6858995932693795,0.11506820463844727
72,26529,0.11734087335937562,0.17127947476296498,0.7113796518776594
73,26530,0.11413967481154536,0.19935339653374295,0.6865069286547117
74,26531,0.1171271676980561,0.20268545135709146,0.6801873809448525
75,26532,0.11186417533164147,0.19366105298241096,0.6944747716859476
76,26533,0.11725691910650408,0.21314483452787325,0.6695982463656227
77,26534,0.11220335613892633,0.1951666552975817,0.692629988563492
78,26535,0.1158871218447945,0.2004884732646568,0.6836244048905488
79,26536,0.1168019216055162,0.18626920422701138,0.6969288741674725
80,26537,0.11518927182677113,0.18692421413235075,0.697886514040878
81,26538,0.11425417827474993,0.2260287763101134,0.6597170454151369
82,26539,0.11175599961888391,0.19927224690149448,0.6889717534796218
83,26540,0.12362981792424992,0.22726731337455588,0.6491028687011942
84,26541,0.11247339106976825,0.1947285697323277,0.6927980391979041
85,26542,0.11746705284895395,0.21807577285498517,0.6644571742960608
86,26543,0.12454397685097533,0.2090149409761253,0.6664410821728995
87,26544,0.11279562901034293,0.19956497168654658,0.6876393993031107
88,26545,0.1145776814480388,0.19081682958358923,0.6946054889683719
89,26546,0.11745780981708029,0.2394100717699595,0.6431321184129603
90,26547,0.11471435351730336,0.18435332481947495,0.700932321663222
91,26548,0.1138253168971361,0.19394301183123083,0.6922316712716331
92,26549,0.26518110115835297,0.6430744030313248,0.0917444958103222
93,26550,0.11420758862633731,0.2116021372955377,0.6741902740781249
94,26551,0.11576118866191874,0.20242763247057569,0.6818111788675058
95,26552,0.10670760902245854,0.21899619905700984,0.6742961919205315
96,26553,0.12089739306869429,0.19312926196438,0.6859733449669256
97,26554,0.14489124529961644,0.31256029814904035,0.5425484565513433
98,26555,0.12097760416646136,0.23550064455779623,0.6435217512757423
99,26556,0.11259208410506372,0.21418431332982954,0.6732236025651068
100,26557,0.11895376220695976,0.20651519366577076,0.6745310441272692
101,26558,0.11579342315120059,0.19451234557431946,0.6896942312744804
102,26559,0.11490408747546586,0.1941006800714775,0.6909952324530564
103,26560,0.11804018396996768,0.19645243546861188,0.6855073805614202
104,26561,0.11286948955724985,0.22890243838029278,0.658228072062457
105,26562,0.1133529805462979,0.19424028723380957,0.6924067322198927
106,26563,0.11253689350875559,0.19030178636278028,0.6971613201284641
107,26564,0.11615045867731542,0.20027278210338714,0.6835767592192973
108,26565,0.1147967351761447,0.20584616391971522,0.67935710090414
109,26566,0.11359648746369887,0.19284183618176334,0.6935616763545379
110,26567,0.11181962409536884,0.19449490852167167,0.6936854673829594
111,26568,0.1738288844334874,0.7222299343878547,0.10394118117865803
112,26569,0.11212340505386079,0.23300246030075691,0.6548741346453822
113,26570,0.11859547815113804,0.19825886515076593,0.6831456566980961
114,26571,0.11788915837177764,0.18202206729001025,0.7000887743382123
115,26572,0.11874996792534392,0.2054427997672558,0.6758072323074003
116,26573,0.11732875430050019,0.18809076116818776,0.6945804845313124
117,26574,0.11818468231628607,0.1864499897050307,0.6953653279786832
118,26575,0.12024433081499039,0.20030787495476166,0.6794477942302478
119,26576,0.11551669802376559,0.21113496027254144,0.6733483417036932
120,26577,0.1147410973778893,0.18052590749840078,0.7047329951237099
121,26578,0.11442014249769018,0.3254045008844877,0.5601753566178223
122,26579,0.2476346919960123,0.6488131477815763,0.10355216022241141
123,26580,0.11557669135143207,0.19777014872182558,0.6866531599267418
124,26581,0.11608505761653108,0.1996595308882007,0.6842554114952679
125,26582,0.11583571978692991,0.20078192659700503,0.6833823536160655
126,26583,0.1129000818733719,0.1928831000347059,0.6942168180919223
127,26584,0.11531610030096172,0.21006435184399355,0.6746195478550449
128,26585,0.11638425283167667,0.20449916400197987,0.6791165831663432
129,26586,0.12270833768694185,0.19757523423414555,0.6797164280789127
130,26587,0.16313074582467937,0.2908183134979661,0.5460509406773543
131,26588,0.112357134567376,0.18131958047626992,0.7063232849563539
132,26589,0.11436316834712416,0.2039932261788871,0.6816436054739887
133,26590,0.114398384397133,0.22552980013002802,0.6600718154728391
134,26591,0.17671993504157807,0.7158790667573701,0.10740099820105203
135,26592,0.12815810811342346,0.22777325886658212,0.6440686330199945
136,26593,0.11323325604973558,0.1931890144845857,0.6935777294656787
137,26594,0.12863398399451495,0.23122792031686024,0.6401380956886247
138,26595,0.11040470471579752,0.18309835853979087,0.7064969367444115
139,26596,0.11484927316701095,0.192604787471682,0.6925459393613069
140,26597,0.11452207061002047,0.32793472436891646,0.5575432050210635
141,26598,0.11476615281764829,0.19591814786547865,0.6893156993168732
142,26599,0.11550569358283903,0.1914438271835818,0.6930504792335792
143,26600,0.12014258535270064,0.2058598639059522,0.6739975507413473
144,26601,0.11332377218059554,0.18852207072635402,0.6981541570930503
145,26602,0.10927578919649981,0.20641639203319553,0.6843078187703047
146,26603,0.12096221857882916,0.2193636305415213,0.6596741508796498
147,26604,0.1188110157510505,0.22156160895291194,0.6596273752960378
148,26605,0.11111739787450184,0.19224589561265937,0.6966367065128389
149,26606,0.1267675435037826,0.2154325874565327,0.6577998690396845
150,26607,0.18272966364363122,0.7178057705725698,0.09946456578379913
151,26608,0.11088847332813287,0.1999365220258554,0.6891750046460114
152,26609,0.1212421760544006,0.21094349189722628,0.6678143320483731
153,26610,0.20952225933526364,0.6865535910635856,0.10392414960115076
154,26611,0.11800699140237243,0.1909301123379937,0.6910628962596338
155,26612,0.1249178344360333,0.2099734837761665,0.6651086817878001
156,26613,0.11577068403139702,0.1957809011751455,0.6884484147934578
157,26614,0.11560193095604313,0.18729158794595865,0.6971064810979981
158,26615,0.11504457007811766,0.19312166985664805,0.6918337600652343
159,26616,0.11806042558512735,0.18728126425430028,0.6946583101605723
160,26617,0.1195972570051344,0.19092654120764269,0.689476201787223
161,26618,0.11790751438400962,0.2084541370331635,0.6736383485828267
162,26619,0.12096781070836383,0.21986875175681506,0.6591634375348211
163,26620,0.20069325809363714,0.7008887721174151,0.09841796978894815
164,26621,0.11751370655456576,0.1919798356220178,0.6905064578234166
165,26622,0.11813725200988151,0.19459117021426,0.6872715777758583
166,26623,0.11122744083627371,0.20533933943389127,0.6834332197298352
167,26624,0.11169510203880179,0.18880881947031886,0.6994960784908796
168,26625,0.11339084890463015,0.1963152640849633,0.6902938870104066
169,26626,0.11599556505545985,0.1973468910373883,0.6866575439071522
170,26627,0.12027485834492838,0.2007747350587868,0.6789504065962846
171,26628,0.11773806266908853,0.2142968396581207,0.6679650976727908
172,26629,0.11984852196916176,0.20024278724264102,0.6799086907881973
173,26630,0.12011332136713641,0.21905027604379398,0.6608364025890697
174,26631,0.11174554295332495,0.17710706996712322,0.7111473870795519
175,26632,0.11349128524880887,0.18952407590457068,0.6969846388466204
176,26633,0.1130265175758425,0.20232285953137985,0.6846506228927776
177,26634,0.11635030506161606,0.19970978899109912,0.6839399059472846
178,26635,0.11589199783162434,0.2186174389740529,0.6654905631943229
179,26636,0.11322872380346932,0.21912918019496033,0.6676420960015703
180,26637,0.11153799647318191,0.20243943689257246,0.6860225666342459
181,26638,0.11735874007030461,0.18678909791716328,0.6958521620125319
182,26639,0.12349074710914103,0.22930086313079787,0.6472083897600613
183,26640,0.10868395603295801,0.19377884699332695,0.6975371969737151
184,26641,0.1204969268905974,0.19461934026042432,0.6848837328489785
185,26642,0.11648687826344918,0.17040879027422762,0.7131043314623233
186,26643,0.11369500469971505,0.19394324722462136,0.6923617480756634
187,26644,0.10944666257548846,0.1987261648990333,0.6918271725254784
188,26645,0.11509988790262665,0.18252756307549842,0.7023725490218752
189,26646,0.12501637109070893,0.20878346390758637,0.6662001650017045
190,26647,0.11026402162115465,0.19393773370038445,0.695798244678461
191,26648,0.12100354429451858,0.20300143740344737,0.6759950183020343
192,26649,0.1159229259191359,0.18589527452144594,0.6981817995594183
193,26650,0.1963534267518697,0.6962660782645148,0.10738049498361577
194,26651,0.2883014525948269,0.6069767848509369,0.10472176255423614
195,26652,0.11046142163933612,0.22276245725681487,0.6667761211038489
196,26653,0.13767059786986915,0.18780686958663867,0.6745225325434921
197,26654,0.12149681164344173,0.22172411403841216,0.6567790743181462
198,26655,0.11453446727757097,0.19797209379852196,0.6874934389239074
199,26656,0.11631726704896904,0.20447262274191566,0.6792101102091153
200,26657,0.11471908426526553,0.16892446540989542,0.7163564503248391
201,26658,0.11334111261714126,0.19681438647351104,0.6898445009093477
202,26659,0.12325605057473578,0.21291914488046107,0.6638248045448033
203,26660,0.1119234164119706,0.18369017698382634,0.7043864066042029
204,26661,0.11651080305196368,0.2293906824629223,0.6540985144851138
205,26662,0.11065919788538797,0.23219586120220362,0.6571449409124084
206,26663,0.1118698374326205,0.19104333580177574,0.6970868267656039
207,26664,0.12532117850338836,0.22335719258449088,0.6513216289121209
208,26665,0.1170859647476003,0.19766630515332634,0.685247730099073
209,26666,0.11871286055488751,0.2178964042947918,0.6633907351503209
210,26667,0.11137458020101837,0.19204745023724976,0.6965779695617319
211,26668,0.11474566360630843,0.1946605482001461,0.6905937881935452
212,26669,0.11833504445949672,0.21192774018501584,0.6697372153554876
213,26670,0.10887998335190359,0.21573653144748803,0.6753834852006085
214,26671,0.11211858362681461,0.1920462966660601,0.6958351197071253
215,26672,0.11692175958501949,0.21649421700254975,0.6665840234124306
216,26673,0.12129420944312176,0.20509364227971172,0.6736121482771665
217,26674,0.1170126030685128,0.18069466191598227,0.7022927350155049
218,26675,0.11871219179307672,0.2320747381300592,0.6492130700768639
219,26676,0.12168394139725874,0.22452715790859337,0.6537889006941477
220,26677,0.10257708313721965,0.16984883910142398,0.7275740777613564
221,26678,0.11909300553273941,0.19540737470184363,0.6854996197654166
222,26679,0.11729752548503918,0.19407573236914138,0.6886267421458199
223,26680,0.11280510352597278,0.2061794893241457,0.6810154071498813
224,26681,0.10971633761379103,0.18819428006626304,0.7020893823199459
225,26682,0.12200133502095886,0.20407245376606958,0.6739262112129714
226,26683,0.11293596793399809,0.21606397473802377,0.6710000573279783
227,26684,0.11340269287644343,0.1908996461557861,0.6956976609677704
228,26685,0.11415221667125416,0.22277757404314324,0.6630702092856025
229,26686,0.11093595582787538,0.18939294520537683,0.6996710989667478
230,26687,0.11788803004064938,0.2085937291132533,0.6735182408460971
231,26688,0.11726092840290304,0.2162719762131204,0.6664670953839769
232,26689,0.11282326392800815,0.19543045542933213,0.6917462806426599
233,26690,0.11371226879693858,0.1962719661664022,0.6900157650366593
234,26691,0.11760373546847407,0.23643783059245846,0.6459584339390677
235,26692,0.11133777148809676,0.23282062301047327,0.6558416055014298
236,26693,0.10963802084572105,0.22680224582897085,0.6635597333253078
237,26694,0.23766304433594385,0.6805814998682378,0.08175545579581836
238,26695,0.11494622230125001,0.1847782142946736,0.7002755634040762
239,26696,0.1130516485602164,0.1952125626058874,0.6917357888338964
240,26697,0.11606570019447719,0.19306270965864525,0.6908715901468773
241,26698,0.11591997950156946,0.21298680461565983,0.6710932158827707
242,26699,0.11281965263888934,0.1996966967001026,0.6874836506610081
243,26700,0.1140494202666874,0.18608075816547978,0.6998698215678328
244,26701,0.1360731887576957,0.3086402391805343,0.5552865720617699
245,26702,0.14769656071831944,0.32071661287484504,0.5315868264068353
246,26703,0.11629531487853527,0.22450424186774826,0.6592004432537165
247,26704,0.11598561364131457,0.20728988744389615,0.6767244989147895
248,26705,0.1165648043672196,0.17955106606162802,0.7038841295711527
249,26706,0.11318395548837146,0.1955664021384511,0.6912496423731775
250,26707,0.11439723404671436,0.2191219191030477,0.6664808468502382
251,26708,0.11320169148501331,0.1963117758619973,0.6904865326529895
252,26709,0.11894023229919667,0.20008677331240507,0.6809729943883984
253,26710,0.11737076336183887,0.20630312575314183,0.676326110885019
254,26711,0.11283789718855512,0.19557245941849552,0.6915896433929496
255,26712,0.11580025010002469,0.17180276682796017,0.712396983072015
256,26713,0.12132877750520432,0.21325679482435284,0.665414427670443
257,26714,0.11676146004529224,0.23185491451972456,0.6513836254349833
258,26715,0.11403806062109911,0.19218953138188818,0.6937724079970127
259,26716,0.114906051396243,0.18009671354954435,0.7049972350542127
260,26717,0.11727130765533186,0.2053812885367861,0.677347403807882
261,26718,0.11680822207556821,0.20135231220223837,0.6818394657221931
262,26719,0.12509628418481142,0.20294535163944352,0.671958364175745
263,26720,0.11078594539169277,0.2108541053535787,0.6783599492547284
264,26721,0.11311296287032628,0.19774426905279108,0.6891427680768827
265,26722,0.11381672849537898,0.19233934036246159,0.6938439311421597
266,26723,0.12007343106288908,0.18282695428724638,0.6970996146498645
267,26724,0.11801873822520685,0.1834655827963569,0.6985156789784365
268,26725,0.11274691121497367,0.23251316941310485,0.6547399193719214
269,26726,0.11409569016490703,0.23685853657398126,0.6490457732611118
270,26727,0.11326391435989994,0.19522073233432863,0.6915153533057715
271,26728,0.12145698428498956,0.20140334878657964,0.6771396669284306
272,26729,0.11680933937651101,0.21726936875189068,0.6659212918715981
273,26730,0.10324462740365929,0.30386856974424403,0.592886802852097
274,26731,0.11716593368092351,0.19778796583555602,0.6850461004835207
275,26732,0.2074964685783035,0.6997392022701554,0.09276432915154119
276,26733,0.11688569578977431,0.16803516665640283,0.7150791375538228
277,26734,0.11381270293846146,0.19242027631881026,0.6937670207427282
278,26735,0.11106943836859977,0.20962123389944304,0.6793093277319574
279,26736,0.1135234110898231,0.1820081823494737,0.7044684065607031
280,26737,0.11509053668625471,0.19184082474928255,0.693068638564463
281,26738,0.1141727007693897,0.19290011273057456,0.6929271865000358
282,26739,0.11749389129680615,0.19457301209209052,0.6879330966111032
283,26740,0.11433480383229096,0.219428522560159,0.6662366736075502
284,26741,0.17306879952991053,0.7159584666042058,0.11097273386588354
285,26742,0.1137969590466184,0.2167310515393328,0.669471989414049
286,26743,0.1150528776207958,0.19580792045349052,0.6891392019257137
287,26744,0.11637644179474486,0.20010163585848567,0.6835219223467695
288,26745,0.11143561090222859,0.19292503742194447,0.6956393516758271
289,26746,0.11424739691794798,0.19980802296557099,0.685944580116481
290,26747,0.11040646342129166,0.2192326572136042,0.670360879365104
291,26748,0.11638729467179408,0.21464447150167815,0.6689682338265277
292,26749,0.11315582355223627,0.18213994954885224,0.7047042268989113
293,26750,0.11563429053036664,0.18986057077989343,0.69450513868974
294,26751,0.1155325700063839,0.2283808171950322,0.6560866127985839
295,26752,0.12692222115643406,0.21455171193041575,0.6585260669131501
296,26753,0.1143962731221245,0.20792535143515217,0.6776783754427234
297,26754,0.11795104798317871,0.2185204470876659,0.663528504929155
298,26755,0.11926371140644537,0.19852322159452576,0.6822130669990285
299,26756,0.11445278556890047,0.18788352989738297,0.6976636845337167
300,26757,0.11305155990124657,0.19794608868775124,0.6890023514110023
301,26758,0.11586168395677722,0.19305986231185396,0.6910784537313691
302,26759,0.11609922986685534,0.21177224086711036,0.6721285292660345
303,26760,0.11404782245919759,0.2209937976677683,0.6649583798730337
304,26761,0.1179909279655044,0.18703824841349867,0.6949708236209972
305,26762,0.11374948951925493,0.19840155951305788,0.6878489509676872
306,26763,0.11087347687722028,0.2074227271451367,0.6817037959776431
307,26764,0.11564190265303877,0.2023231679099168,0.6820349294370444
308,26765,0.11971196274538105,0.1898464031978163,0.6904416340568028
309,26766,0.12056518563902795,0.19501948827551696,0.6844153260854552
310,26767,0.11505963657443032,0.19382089500391939,0.6911194684216504
311,26768,0.18751621119432535,0.7025659628001588,0.10991782600551585
312,26769,0.11474980918958055,0.22620656980359427,0.6590436210068252
313,26770,0.11656063864258086,0.22303672419916057,0.6604026371582588
314,26771,0.1818772392895686,0.6797176808275474,0.13840507988288367
315,26772,0.11579809740730024,0.1821578264904801,0.7020440761022197
316,26773,0.12201752017216794,0.17322763923483403,0.7047548405929983
317,26774,0.11426580948368775,0.18344758292834193,0.7022866075879705
318,26775,0.11690706843842288,0.20518898164898614,0.6779039499125907
319,26776,0.11409805498320758,0.19178242373811652,0.6941195212786759
320,26777,0.11082480456894535,0.17533863183955933,0.7138365635914954
321,26778,0.11508074478751089,0.18571718437200713,0.6992020708404822
322,26779,0.11436573478421755,0.1957073995336785,0.6899268656821042
323,26780,0.12103255514256794,0.20729084037042927,0.6716766044870027
324,26781,0.11390754629189358,0.19646047269482572,0.6896319810132812
325,26782,0.11706856242794589,0.19762506681336112,0.6853063707586926
326,26783,0.11885336573263845,0.20180882521145244,0.6793378090559091
327,26784,0.11695691550278157,0.19568987162624352,0.6873532128709751
328,26785,0.11406187485451155,0.18561913634598512,0.7003189887995034
329,26786,0.11671512955580457,0.18796000418109102,0.6953248662631047
330,26787,0.12020171572759575,0.1949864020309383,0.684811882241466
331,26788,0.11846099874973602,0.19381129584333226,0.6877277054069317
332,26789,0.11381575002242775,0.19677357159506864,0.6894106783825036
333,26790,0.11876038270851991,0.18885696801275473,0.6923826492787251
334,26791,0.11428316491506683,0.1923945635439606,0.6933222715409726
335,26792,0.11917598666344087,0.19694397367372718,0.683880039662832
336,26793,0.11670394546174222,0.20444934734438314,0.6788467071938747
337,26794,0.11320996410918983,0.19820338031063095,0.6885866555801793
338,26795,0.11109667002988248,0.18483362056579739,0.7040697094043202
339,26796,0.2092777513392985,0.6824947632868742,0.10822748537382741
340,26797,0.11264372568638015,0.23277788196916865,0.654578392344451
341,26798,0.12588547181694967,0.2052214304035995,0.6688930977794508
342,26799,0.11247287547129554,0.19327666842923633,0.6942504560994682
343,26800,0.1886076418892103,0.7078616777420322,0.10353068036875754
344,26801,0.11400167562555001,0.193009514535625,0.6929888098388247
345,26802,0.11896647752422286,0.19211623612904746,0.6889172863467294
346,26803,0.11529522751959957,0.19505134556630882,0.6896534269140919
347,26804,0.1146881465009187,0.20912120020387484,0.6761906532952066
348,26805,0.1184764018563831,0.21269728847173805,0.6688263096718792
349,26806,0.1146494469923826,0.20549768329651105,0.6798528697111061
350,26807,0.11401219831413158,0.20205929842928935,0.6839285032565791
351,26808,0.1136850937846548,0.1923982127571194,0.6939166934582259
352,26809,0.11646541698476566,0.18866219094389114,0.6948723920713435
353,26810,0.11017824847678387,0.23096965461007168,0.6588520969131443
354,26811,0.11557761961232176,0.19390115546221043,0.6905212249254675
355,26812,0.11361967517393527,0.20105610926512593,0.6853242155609388
356,26813,0.1267166682887593,0.3145449445702749,0.5587383871409657
357,26814,0.11440329842637324,0.19173619863415983,0.693860502939467
358,26815,0.11008639561058421,0.2015529786421558,0.6883606257472603
359,26816,0.11275101689627251,0.1958603039486828,0.6913886791550446
360,26817,0.11718223232479652,0.16940328815603248,0.7134144795191709
361,26818,0.11750871909001315,0.21379496814720728,0.6686963127627795
362,26819,0.11587376492603854,0.21888075633311846,0.665245478740843
363,26820,0.1958001706644744,0.6977650915971403,0.10643473773838577
364,26821,0.19487804909790846,0.7097782018002292,0.09534374910186254
365,26822,0.11458280213296752,0.19514940709036743,0.690267790776665
366,26823,0.11534408924975759,0.1993549844186229,0.6853009263316191
367,26824,0.12040608895545374,0.21350687354931475,0.6660870374952313
368,26825,0.12478019951453456,0.21603382975545052,0.659185970730015
369,26826,0.11336458432646258,0.2173744755219285,0.669260940151609
370,26827,0.11497546230644147,0.18654643277349878,0.69847810492006
371,26828,0.11435648923628962,0.21165643319631086,0.6739870775673996
372,26829,0.1160235468299136,0.19359089128259727,0.6903855618874895
373,26830,0.12096952492769429,0.19880062433034562,0.68022985074196
374,26831,0.11819084763838844,0.18799895422367008,0.6938101981379414
375,26832,0.11178141784067817,0.19821947272994095,0.6899991094293811
376,26833,0.11987874907213208,0.201273515643019,0.6788477352848488
377,26834,0.11466664337917884,0.20976362796446632,0.6755697286563545
378,26835,0.1152569894629988,0.20761266067775094,0.6771303498592504
379,26836,0.12226734223552038,0.34056316294594935,0.5371694948185302
380,26837,0.11362726778708922,0.17820905758499353,0.7081636746279172
381,26838,0.11802652713491277,0.21919481693069567,0.6627786559343913
382,26839,0.12480980662881605,0.19715186025961334,0.6780383331115707
383,26840,0.1249846409320972,0.22415044496303108,0.6508649141048717
384,26841,0.11359584120318234,0.18651890240618255,0.6998852563906349
385,26842,0.11364819213447368,0.21940125578633263,0.6669505520791936
386,26843,0.11613456434520747,0.18514408897651602,0.6987213466782768
387,26844,0.12218974327532127,0.26845743469114586,0.6093528220335327
388,26845,0.11901699899336579,0.18330245035161685,0.6976805506550174
389,26846,0.11509988790262665,0.18252756307549842,0.7023725490218752
390,26847,0.11281451125301006,0.21370548227335348,0.6734800064736368
391,26848,0.11774269232831508,0.19410745550991723,0.6881498521617678
392,26849,0.11441179269022267,0.21803310806062398,0.6675550992491531
393,26850,0.11590736735082187,0.23728752239469042,0.6468051102544876
394,26851,0.11278038293783706,0.18102855021584482,0.7061910668463183
395,26852,0.11480662941031969,0.22760475738599573,0.6575886132036843
396,26853,0.11557033600257738,0.20730162627259008,0.6771280377248323
397,26854,0.16335981484032747,0.7105805563062058,0.12605962885346658
398,26855,0.11330253044940194,0.21489428579332337,0.6718031837572747
399,26856,0.11549796092661727,0.2119570453939947,0.6725449936793879
400,26857,0.11658574085285307,0.2054190186320058,0.6779952405151409
401,26858,0.1167183279775055,0.21545382022043796,0.6678278518020568
402,26859,0.11698737053821605,0.22190066425865593,0.6611119652031278
403,26860,0.11853108443839692,0.20643584912292012,0.6750330664386827
404,26861,0.11609965845283979,0.18617266494528106,0.6977276766018791
405,26862,0.1162425039811886,0.2086211314447779,0.6751363645740335
406,26863,0.11380857941558593,0.21229532571251142,0.6738960948719027
407,26864,0.12495530527902281,0.21190792894665067,0.6631367657743265
408,26865,0.10867120409909634,0.1805410452452563,0.7107877506556473
409,26866,0.11740347983401395,0.20345277895288486,0.6791437412131013
410,26867,0.11356883233877312,0.18311467273763843,0.7033164949235885
411,26868,0.10579682435562938,0.19166430265557627,0.7025388729887944
412,26869,0.10390372380320906,0.1486685784344073,0.7474276977623835
413,26870,0.11798416000232909,0.20484617363016433,0.6771696663675066
414,26871,0.11737076336183887,0.20630312575314183,0.676326110885019
415,26872,0.11550560709418098,0.2182615604317229,0.6662328324740959
416,26873,0.10844959990355,0.2486439001426468,0.6429064999538033
417,26874,0.11239201271774928,0.19444957310037478,0.6931584141818761
418,26875,0.11790158536326954,0.2131224086544047,0.6689760059823258
419,26876,0.10921058681264455,0.21568736543715047,0.6751020477502049
420,26877,0.11357127727334052,0.20154380570927471,0.6848849170173845
421,26878,0.12178285994135647,0.18993009604186636,0.6882870440167771
422,26879,0.11456742594951205,0.19362784556001267,0.6918047284904754
423,26880,0.12092181358019732,0.18162180067996428,0.6974563857398384
424,26881,0.11708138554924111,0.2125715906268068,0.6703470238239521
425,26882,0.12653131734334616,0.21089052209808265,0.6625781605585709
426,26883,0.11337106649332317,0.1842760055361766,0.7023529279705005
427,26884,0.11458628008473899,0.1993832841437734,0.6860304357714875
428,26885,0.12011689451140932,0.19854073170976452,0.6813423737788262
429,26886,0.11513034753095157,0.2166528330107148,0.6682168194583338
430,26887,0.11573698014716696,0.22075075007283199,0.6635122697800009
431,26888,0.12167843867920654,0.1855330502815948,0.6927885110391986
432,26889,0.11321622391331858,0.2072073845160347,0.6795763915706465
433,26890,0.11237134929327386,0.1863252260657057,0.7013034246410202
434,26891,0.11549666303633357,0.22868573081554594,0.6558176061481205
435,26892,0.11664001609063282,0.20685394442833005,0.676506039481037
436,26893,0.1156017664738427,0.21230766280637473,0.6720905707197826
437,26894,0.11813938197628135,0.21837091839992226,0.6634896996237962
438,26895,0.11905536483203015,0.20138044805571428,0.6795641871122554
439,26896,0.11319173244495298,0.1934188699786643,0.6933893975763828
440,26897,0.11563425629669352,0.1919197545714098,0.6924459891318968
441,26898,0.11436471725199597,0.19323072442976577,0.6924045583182383
442,26899,0.1117405282815424,0.1682766030820379,0.7199828686364198
443,26900,0.11406851202281841,0.20562712209453354,0.6803043658826483
444,26901,0.12064052174981985,0.21123611669840042,0.6681233615517793
445,26902,0.10845761049226221,0.1870245449250833,0.7045178445826543
446,26903,0.11382078926487667,0.19491325848646124,0.6912659522486622
447,26904,0.17886669897896987,0.7029561746834274,0.11817712633760272
448,26905,0.11776067653822957,0.19389841049839046,0.6883409129633801
449,26906,0.11525748219405169,0.22411677384602072,0.6606257439599275
450,26907,0.11399258208214809,0.1944349483720723,0.6915724695457797
451,26908,0.11402068106072023,0.217030509749499,0.6689488091897807
452,26909,0.11895407051309621,0.21542790850391733,0.6656180209829864
453,26910,0.11487755417412213,0.2122139839862479,0.6729084618396299
454,26911,0.1203805298183103,0.20333054621893074,0.6762889239627587
455,26912,0.11643578546809258,0.22225294963732217,0.6613112648945849
456,26913,0.12081796202194507,0.21312897081916668,0.6660530671588883
457,26914,0.11420758862633731,0.2116021372955377,0.6741902740781249
458,26915,0.11514707199381634,0.16951313568148774,0.7153397923246959
459,26916,0.17996851942596087,0.707423471145945,0.11260800942809432
460,26917,0.11567454661747126,0.1855623472276463,0.6987631061548827
461,26918,0.12052112317409583,0.2191076760149987,0.6603712008109051
462,26919,0.12822657495095405,0.17534371004189653,0.6964297150071493
463,26920,0.12126309495093586,0.22287873040057146,0.6558581746484924
464,26921,0.1176552886177856,0.16994223907971162,0.7124024723025028
465,26922,0.12239449836290878,0.22300907590100086,0.6545964257360906
466,26923,0.1109267617412385,0.1901547758002231,0.6989184624585385
467,26924,0.1136773382217424,0.19622322398906708,0.6900994377891905
468,26925,0.11473043829787864,0.18764373325217154,0.6976258284499495
469,26926,0.11772792233911748,0.22565234947494736,0.6566197281859354
470,26927,0.1205748072141077,0.21497929254070874,0.6644459002451836
471,26928,0.16141878946624424,0.7290300792166421,0.10955113131711368
472,26929,0.11872044861184156,0.20989329454237282,0.6713862568457856
473,26930,0.11455202402424187,0.1863037982431981,0.6991441777325602
474,26931,0.20244102762864466,0.6745549201541564,0.1230040522171991
475,26932,0.11776318705885012,0.18511731115966223,0.6971195017814878
476,26933,0.12578978204405722,0.19485416650842374,0.679356051447519
477,26934,0.1168797191747394,0.19053734831966518,0.6925829325055954
478,26935,0.11780627845574433,0.2085040008596722,0.6736897206845837
479,26936,0.11485796267237051,0.2026044841946666,0.682537553132963
480,26937,0.11902685179638862,0.209850662242704,0.6711224859609074
481,26938,0.2383389483353159,0.6791669454310457,0.08249410623363847
482,26939,0.1589022302739707,0.7272234301524472,0.11387433957358205
483,26940,0.11652621694024683,0.19220525506863798,0.6912685279911149
484,26941,0.11492224867965078,0.19426461508940082,0.6908131362309485
485,26942,0.11596032681646333,0.2198713538103161,0.6641683193732204
486,26943,0.11415197108061131,0.20706218090089643,0.6787858480184926
487,26944,0.11650409657496663,0.20152080547559734,0.6819750979494357
488,26945,0.1284683929668033,0.2244143742600328,0.6471172327731639
489,26946,0.11528274209362264,0.19693654085273204,0.6877807170536454
490,26947,0.11751870578372663,0.23678053260666626,0.6457007616096068
491,26948,0.11810137965905959,0.21047617687348097,0.6714224434674594
492,26949,0.11834582667423156,0.2113328472576327,0.6703213260681358
493,26950,0.1157304298842058,0.16951804525554603,0.714751524860248
494,26951,0.15468075263342906,0.22832972540547705,0.6169895219610939
495,26952,0.11762632565331556,0.19766442012494115,0.684709254221743
496,26953,0.11419362418077413,0.19103175520397156,0.6947746206152543
497,26954,0.10941705798737694,0.20128913187925593,0.6892938101333672
498,26955,0.11493711966975047,0.2157681481367414,0.6692947321935081
499,26956,0.11999938733201297,0.18856225106040939,0.6914383616075778
500,26957,0.11513991717810888,0.19262596441458182,0.6922341184073092
501,26958,0.11789756425574746,0.216666372239103,0.6654360635051495
502,26959,0.11750092632299508,0.20720944669417116,0.6752896269828335
503,26960,0.10844959990355,0.2486439001426468,0.6429064999538033
504,26961,0.11800170313973923,0.207124784668566,0.6748735121916948
505,26962,0.10845002091746553,0.19482015438732303,0.6967298246952115
506,26963,0.10963802084572105,0.22680224582897085,0.6635597333253078
507,26964,0.11541592812839185,0.20732787702251743,0.6772561948490909
508,26965,0.11847215324777294,0.20076918138970282,0.6807586653625242
509,26966,0.11319173244495298,0.1934188699786643,0.6933893975763828
510,26967,0.10941042400849228,0.204608376328321,0.6859811996631869
511,26968,0.11706336875249994,0.20390299383756155,0.6790336374099387
512,26969,0.11465044257951154,0.20324212760714824,0.6821074298133403
513,26970,0.1173829818882531,0.20631957911876073,0.6762974389929862
514,26971,0.11786072584481143,0.2197280687122504,0.6624112054429381
515,26972,0.12367445374035277,0.21287059213267842,0.6634549541269691
516,26973,0.11485318685731005,0.20023113901320447,0.6849156741294853
517,26974,0.11400976523245535,0.18569195878049172,0.7002982759870533
518,26975,0.11857683260446289,0.17452612234520512,0.706897045050332
519,26976,0.2000969175333013,0.6996378885972835,0.10026519386941546
520,26977,0.11950352740653601,0.22384990508273192,0.6566465675107319
521,26978,0.11209615386554173,0.1928625263469428,0.6950413197875155
522,26979,0.11808270869671197,0.21518971327840358,0.6667275780248846
523,26980,0.11361770396205317,0.21448445438269187,0.6718978416552551
524,26981,0.11660015704133468,0.2089199772003039,0.6744798657583615
525,26982,0.11894367256676013,0.21876130353012527,0.6622950239031147
526,26983,0.11341514783025376,0.1987017704086977,0.6878830817610486
527,26984,0.10933537824475295,0.18165357987910077,0.7090110418761462
528,26985,0.12122353906629646,0.23251345184061123,0.6462630090930926
529,26986,0.11344576871816063,0.1806466432632304,0.7059075880186092
530,26987,0.11424125857582208,0.19519201426256305,0.6905667271616148
531,26988,0.1212016519781249,0.19521569878455874,0.6835826492373164
532,26989,0.11655660867759204,0.20879537827709257,0.6746480130453155
533,26990,0.11588625990945439,0.19460884966586944,0.689504890424676
534,26991,0.11274190917237187,0.18662998427740354,0.7006281065502244
535,26992,0.12208164594578241,0.32377852491494935,0.5541398291392681
536,26993,0.11349843272565631,0.1971631707882212,0.6893383964861226
537,26994,0.11662173480525409,0.18481183297768705,0.698566432217059
538,26995,0.11156393382429546,0.2250879111174079,0.6633481550582965
539,26996,0.11591092256416725,0.20626019862000933,0.6778288788158234
540,26997,0.12459687772124006,0.21377056555315263,0.6616325567256071
541,26998,0.12014484989965808,0.19680473575448104,0.6830504143458609
542,26999,0.12584257478160632,0.22358180937019598,0.6505756158481977
543,27000,0.11320291590212707,0.19544768640151866,0.6913493976963545
544,27001,0.11607878867797677,0.2179486293702809,0.665972581951742
545,27002,0.1156612252290283,0.22382472352509009,0.6605140512458816
546,27003,0.12693576153589606,0.2152477178947757,0.6578165205693286
547,27004,0.11169355161631873,0.22218638933509474,0.6661200590485863
548,27005,0.11774501021719269,0.23986388779196552,0.6423911019908419
549,27006,0.11548822630137864,0.19866893469629907,0.6858428390023227
550,27007,0.1270962566380247,0.31400091205449426,0.5589028313074809
551,27008,0.11707506799323422,0.19176275050869124,0.6911621814980746
552,27009,0.12175205733245836,0.20541129727263915,0.6728366453949027
553,27010,0.11176263252329863,0.20296450577105118,0.6852728617056504
554,27011,0.12028337693259389,0.20070790411206552,0.6790087189553407
555,27012,0.11585163322855982,0.20328509147323287,0.6808632752982072
556,27013,0.12034648354839352,0.20065340867220433,0.6790001077794021
557,27014,0.11529189179915171,0.20867993134492874,0.6760281768559198
558,27015,0.12031135117655838,0.2020898447236229,0.6775988040998187
559,27016,0.12020047141408394,0.19168803122608455,0.6881114973598315
560,27017,0.1168346025737065,0.2178332142474633,0.66533218317883
561,27018,0.11690450582424392,0.21876374923423708,0.664331744941519
562,27019,0.1152067759364518,0.21949565880764235,0.6652975652559059
563,27020,0.11059550629933831,0.19024224401762793,0.699162249683034
564,27021,0.10726899498191449,0.2017364639693734,0.6909945410487118
565,27022,0.11519907024439949,0.20631515939968015,0.6784857703559202
566,27023,0.12282148645931766,0.22125746891588388,0.6559210446247987
567,27024,0.11471418764048961,0.21870275159027297,0.6665830607692371
568,27025,0.11174978515715012,0.18278797266629165,0.7054622421765581
569,27026,0.11785728399005894,0.21863855470961638,0.6635041613003249
570,27027,0.12134153085036486,0.18645547879746868,0.6922029903521667
571,27028,0.11349128524880887,0.18952407590457068,0.6969846388466204
572,27029,0.11349622822190623,0.19878845044604,0.6877153213320538
573,27030,0.1215403403576841,0.2589881594958943,0.6194715001464216
574,27031,0.12395925672818621,0.2179958007234174,0.6580449425483964
575,27032,0.12630985317731802,0.22222899008702893,0.6514611567356531
576,27033,0.11541070339341417,0.18819854007697223,0.6963907565296137
577,27034,0.11181244924547666,0.22330292939627033,0.6648846213582529
578,27035,0.1152569894629988,0.20761266067775094,0.6771303498592504
579,27036,0.11852275288317377,0.20580964287485454,0.6756676042419716
580,27037,0.11909425295916481,0.20284120517190252,0.6780645418689325
581,27038,0.11851614189638472,0.18670770134394213,0.6947761567596732
582,27039,0.11129024342773663,0.18709367650253872,0.7016160800697248
583,27040,0.11481627982124787,0.19819920394647997,0.6869845162322722
584,27041,0.11031499345516779,0.18140004323224904,0.708284963312583
